123613 0.714651
123615 0.663687
123616 0.663687
123618 0.663687
123619 0.663687
123620 0.663687
123621 0.663687
123622 0.663687
123627 0.663687
123628 0.663687
123629 0.618627
123631 0.618627
123632 0.618627
123639 0.618627
123640 0.618627
123641 0.618627
123648 0.618627
123649 0.618627
123650 0.633045
123651 0.633045
123652 0.633045
123653 0.633045
123654 0.633045
123660 0.633045
123661 0.633045
123662 0.633045
123663 0.633045
123671 0.633045
123673 0.650261
123674 0.650261
123676 0.650261
123677 0.629086
123678 0.629086
123679 0.629086
123682 0.629086
123688 0.629086
123689 0.629086
123691 0.629086
123692 0.629086
123698 0.629086
123700 0.629086
123701 0.668951
123702 0.668951
123707 0.668951
123708 0.668951
123709 0.668951
123711 0.668951
123712 0.668951
123713 0.668951
123714 0.668951
123715 0.669109
123719 0.669109
123720 0.669109
123726 0.669109
123727 0.669109
123728 0.669109
123729 0.669109
123730 0.669109
123731 0.669109
123738 0.669109
123739 0.616614
123741 0.616614
123748 0.616614
123751 0.616614
123752 0.616614
123753 0.616614
123754 0.616614
123755 0.616614
123756 0.660990
123757 0.660990
123758 0.660990
123759 0.660990
123760 0.660990
123761 0.660990
123762 0.660990
123763 0.660990
123770 0.660990
123771 0.660990
123772 0.660990
123773 0.660990
123776 0.660990
123777 0.660990
123778 0.654589
123779 0.654589
123780 0.654589
123781 0.654589
123783 0.654589
123790 0.654589
123791 0.654589
123792 0.654589
123793 0.529281
123799 0.529281
123800 0.529281
123801 0.529281
123802 0.529281
123803 0.529281
123804 0.529281
123810 0.529281
123811 0.529281
123813 0.529281
123821 0.529281
123824 0.529281
123825 0.529281
123826 0.838262
123827 0.838262
123828 0.838262
123829 0.701693
123834 0.701693
123838 0.701693
123840 0.701693
123841 0.701693
123842 0.701693
123843 0.701693
123850 0.701693
123851 0.701693
123854 0.497580
123855 0.497580
123856 0.497580
123857 0.497580
123859 0.497580
123860 0.497580
123861 0.497580
123862 0.497580
123864 0.497580
123865 0.497580
123867 0.497580
123868 0.497580
123869 0.497580
123870 0.497580
123871 0.497580
123872 0.497580
123873 0.858921
123875 0.858921
123876 0.858921
123877 0.858921
123878 0.858921
123880 0.858921
123881 0.858921
123882 0.636640
123883 0.636640
123888 0.636640
123889 0.636640
123891 0.636640
123893 0.636640
123894 0.636640
123895 0.674954
123896 0.674954
123897 0.674954
123898 0.674954
123906 0.674954
123907 0.674954
123908 0.674954
123909 0.674954
123910 0.586436
123913 0.586436
123914 0.586436
123915 0.586436
123916 0.586436
123917 0.586436
123918 0.586436
123924 0.586436
123925 0.586436
123936 0.586436
123937 0.586436
123942 0.729449
123943 0.729449
123944 0.729449
123945 0.729449
123950 0.729449
123951 0.688821
123952 0.688821
123953 0.688821
123954 0.688821
123959 0.688821
123961 0.688821
123966 0.688821
123967 0.688821
123968 0.688821
123971 0.580266
123972 0.580266
123974 0.580266
123976 0.580266
123977 0.580266
123984 0.580266
123985 0.580266
123986 0.580266
123988 0.708450
123990 0.708450
123991 0.708450
123992 0.708450
123994 0.708450
123996 0.708450
123997 0.705971
124000 0.705971
124003 0.705971
124004 0.705971
124005 0.705971
124006 0.705971
124007 0.630461
124008 0.630461
124010 0.630461
124011 0.630461
124013 0.630461
124020 0.630461
124022 0.630461
124023 0.655129
124024 0.655129
124025 0.655129
124027 0.655129
124034 0.655129
124035 0.655129
124037 0.657503
124039 0.657503
124040 0.657503
124041 0.657503
124042 0.657503
124043 0.657503
124044 0.657503
124045 0.622730
124046 0.622730
124048 0.622730
124049 0.629196
124051 0.629196
124057 0.629196
124059 0.629196
124067 0.629196
124068 0.629196
124074 0.629196
124077 0.522126
124078 0.522126
124087 0.522126
124088 0.522126
124090 0.522126
124091 0.522126
124092 0.522126
124093 0.522126
124094 0.622739
124096 0.622739
124098 0.622739
124100 0.855869
124110 0.855869
124112 0.855869
124116 0.855869
124117 0.855869
124118 0.622727
124119 0.622727
124121 0.622727
124122 0.666844
124125 0.666844
124126 0.666844
124127 0.666844
124128 0.666844
124130 0.666844
124131 0.521422
124132 0.521422
124133 0.521422
124134 0.521422
124135 0.521422
124136 0.521422
124139 0.521422
124140 0.622756
124141 0.622756
124142 0.622756
124143 0.622750
124144 0.622750
124145 0.622750
124146 0.622739
124147 0.622739
124148 0.622739
124149 0.780118
124150 0.780118
124151 0.780118
124152 0.622755
124153 0.622755
124154 0.622755
124155 0.527552
124156 0.527552
124157 0.527552
124158 0.527552
124159 0.527552
124160 0.527552
124161 0.527552
124162 0.527552
124163 0.527552
124164 0.628922
124166 0.628922
124173 0.628922
124174 0.628922
124182 0.628922
124187 0.628922
124188 0.628922
124189 0.628922
124191 0.628922
124193 0.802936
124195 0.802936
124197 0.802936
124198 0.610163
124199 0.610163
124200 0.610163
124201 0.610163
124208 0.610163
124209 0.610163
124210 0.633176
124211 0.633176
124212 0.633176
124213 0.633176
124214 0.633176
124215 0.633176
124216 0.633176
124217 0.633176
124218 0.633176
124219 0.633176
124220 0.633176
124221 0.633176
124222 0.633176
124229 0.568830
124230 0.568830
124231 0.568830
124232 0.568830
124234 0.568830
124235 0.568830
124237 0.568830
124238 0.568830
124239 0.623759
124240 0.623759
124241 0.623759
124242 0.760997
124243 0.760997
124244 0.760997
124245 0.760997
124246 0.760997
124247 0.523299
124248 0.523299
124249 0.523299
124250 0.523299
124251 0.523299
124252 0.523299
124253 0.523299
124254 0.523299
124255 0.523299
124256 0.523299
124257 0.584311
124259 0.584311
124260 0.584311
124261 0.584311
124265 0.584311
124266 0.584311
124267 0.899414
124272 0.899414
124274 0.899414
124275 0.899414
124276 0.623780
124277 0.623780
124278 0.623780
124279 0.524816
124280 0.524816
124281 0.524816
124282 0.524816
124283 0.524816
124284 0.524816
124285 0.811037
124286 0.811037
124290 0.811037
124291 0.811037
124292 0.811037
124293 0.811037
124294 0.507717
124295 0.507717
124296 0.507717
124297 0.507717
124298 0.507717
124299 0.507717
124300 0.507717
124301 0.623645
124302 0.623645
124303 0.623645
124304 0.623456
124305 0.623456
124306 0.623456
124307 0.623361
124308 0.623361
124309 0.623361
124310 0.623433
124311 0.623433
124312 0.623433
124313 0.610101
124314 0.610101
124315 0.610101
124316 0.610101
124317 0.623391
124318 0.623391
124319 0.623391
124320 0.935108
124321 0.935108
124322 0.623364
124323 0.623364
124324 0.623364
124325 0.623443
124326 0.623443
124327 0.623443
124328 1.000000
124329 1.000000
124330 1.000000
124331 1.000000
124332 0.635364
124333 0.635364
124334 0.635364
124335 0.635364
124336 0.534190
124337 0.534190
124338 0.534190
124339 0.534190
124340 0.534190
124341 0.623347
124342 0.623347
124343 0.623347
124344 0.560086
124345 0.560086
124346 0.560086
124347 0.560086
124348 0.838831
124349 0.838831
124350 0.838831
124351 0.838831
124352 0.623303
124353 0.623303
124354 0.623303
124355 0.639499
124356 0.639499
124357 0.639499
124358 0.639499
124359 0.623418
124360 0.623418
124361 0.623418
124362 0.623352
124363 0.623352
124364 0.623352
124365 0.577837
124366 0.577837
124367 0.577837
124369 0.577837
124370 0.618978
124371 0.618978
124372 0.618978
124373 0.618978
124374 0.623345
124375 0.623345
124376 0.623345
124378 0.809470
124385 0.809470
124386 0.809470
124387 0.809470
124403 0.809470
124426 0.809470
124427 0.809470
124433 0.809470
124440 0.809470
124441 0.563422
124442 0.563422
124443 0.563422
124444 0.563422
124445 0.563422
124446 0.623345
124447 0.623345
124448 0.623345
124449 0.599521
124450 0.599521
124451 0.599521
124452 0.599521
124453 0.599521
124454 0.599521
124455 0.599521
124456 0.599521
124457 0.599521
124458 0.648151
124459 0.648151
124460 0.648151
124461 0.623439
124462 0.623439
124463 0.623439
124464 0.794727
124465 0.794727
124466 0.794727
124473 0.615195
124474 0.615195
124475 0.615195
124476 0.615195
124477 0.615195
124478 0.623362
124479 0.623362
124480 0.623362
124481 0.623356
124482 0.623356
124483 0.623356
124484 0.623332
124485 0.623332
124486 0.623332
124487 0.520122
124488 0.520122
124490 0.520122
124500 0.520122
124501 0.520122
124503 0.654196
124504 0.654196
124505 0.654196
124506 0.623378
124507 0.623378
124508 0.623378
124509 0.849100
124510 0.849100
124511 0.849100
124512 0.606196
124513 0.606196
124515 0.606196
124516 0.606196
124519 0.606196
124520 0.606196
124521 0.606196
124522 0.587087
124523 0.587087
124524 0.587087
124525 0.587087
124526 0.587087
124527 0.587087
124528 0.623380
124529 0.623380
124531 0.623380
124532 0.623326
124533 0.623326
124534 0.623326
124535 0.623321
124536 0.623321
124537 0.623321
124538 0.623445
124539 0.623445
124540 0.623445
124542 0.623317
124543 0.623317
124544 0.623317
124545 0.623386
124546 0.623386
124547 0.623386
124548 0.666753
124549 0.666753
124550 0.666753
124551 0.666753
124556 0.666753
124564 0.666753
124565 0.666753
124566 0.666753
124567 0.619198
124568 0.619198
124569 0.619198
124570 0.619198
124571 0.696079
124572 0.696079
124573 0.696079
124574 0.547931
124575 0.547931
124583 0.547931
124609 0.547931
124610 0.547931
124611 0.547931
124612 0.547931
124613 0.547931
124614 0.547931
124615 0.547931
124617 0.691549
124618 0.691549
124619 0.691549
124620 0.646783
124621 0.646783
124622 0.646783
124623 0.561904
124624 0.561904
124625 0.561904
124626 0.561904
124627 0.561904
124628 0.693791
124629 0.693791
124630 0.693791
124631 0.600441
124632 0.600441
124633 0.600441
124634 0.600441
124635 0.600441
124636 0.600441
124637 0.600441
124638 0.623381
124639 0.623381
124640 0.623381
124641 0.578333
124642 0.578333
124643 0.578333
124644 0.578333
124645 0.580806
124646 0.580806
124647 0.580806
124648 0.580806
124649 0.623432
124650 0.623432
124651 0.623432
124652 0.935176
124653 0.935176
124654 0.518128
124655 0.518128
124656 0.518128
124657 0.518128
124658 0.518128
124659 0.518128
124660 0.605513
124661 0.605513
124662 0.605513
124663 0.605513
124664 0.605513
124665 0.605513
124666 0.623413
124667 0.623413
124668 0.623413
124669 0.645980
124670 0.645980
124671 0.645980
124672 0.616518
124673 0.616518
124674 0.616518
124675 0.616518
124676 0.623398
124677 0.623398
124678 0.623398
124679 0.623367
124680 0.623367
124681 0.623367
124682 0.727503
124686 0.727503
124687 0.727503
124688 0.623350
124689 0.623350
124690 0.623350
124691 0.623346
124692 0.623346
124693 0.623346
124694 0.623385
124695 0.623385
124696 0.623385
124697 0.623400
124698 0.623400
124699 0.623400
124700 0.572555
124701 0.572555
124702 0.572555
124703 0.572555
124704 0.623458
124705 0.623458
124706 0.623458
124707 0.623438
124708 0.623438
124709 0.623438
124710 0.623383
124711 0.623383
124712 0.623383
124713 0.623408
124714 0.623408
124715 0.623408
124716 0.623363
124717 0.623363
124718 0.623363
124719 0.623469
124720 0.623469
124721 0.623469
124722 0.813798
124723 0.813798
124724 0.813798
124725 0.613270
124726 0.613270
124727 0.613270
124749 0.613270
124750 0.623422
124751 0.623422
124752 0.623422
124753 0.623354
124754 0.623354
124755 0.623354
124756 0.602201
124760 0.602201
124761 0.602201
124762 0.602201
124763 0.556968
124764 0.556968
124765 0.556968
124766 0.556968
124767 0.556968
124768 0.556968
124769 0.623401
124770 0.623401
124771 0.623401
124772 0.623413
124773 0.623413
124774 0.623413
124775 0.623477
124776 0.623477
124777 0.623477
124778 0.776778
124779 0.776778
124781 0.776778
124782 0.623433
124783 0.623433
124784 0.623433
124785 0.623423
124786 0.623423
124787 0.623423
124788 0.623353
124789 0.623353
124790 0.623353
124791 0.619397
124793 0.619397
124794 0.619397
124795 0.619397
124796 0.537576
124797 0.537576
124798 0.537576
124799 0.537576
124800 0.537576
124803 0.537576
124804 0.537576
124805 0.537576
124806 0.537576
124807 0.537576
124808 0.623400
124809 0.623400
124810 0.623400
124811 0.623566
124812 0.623566
124813 0.623566
124814 0.693767
124815 0.693767
124818 0.693767
124819 0.590662
124820 0.590662
124821 0.590662
124822 0.590662
124823 0.623415
124824 0.623415
124826 0.623415
124827 0.623465
124828 0.623465
124829 0.623465
124830 0.678965
124831 0.678965
124832 0.678965
124833 0.783820
124834 0.783820
124835 0.783820
124836 0.590700
124837 0.590700
124838 0.590700
124839 0.590700
124840 0.623411
124841 0.623411
124842 0.623411
124843 0.623384
124844 0.623384
124845 0.623384
124846 0.508677
124847 0.508677
124848 0.508677
124849 0.508677
124850 0.508677
124851 0.508677
124852 0.623441
124853 0.623441
124854 0.623441
124855 0.870636
124859 0.870636
124860 0.870636
124861 0.537461
124862 0.537461
124863 0.537461
124871 0.537461
124872 0.537461
124873 0.623522
124874 0.623522
124875 0.623522
124876 0.623423
124877 0.623423
124878 0.623423
124879 0.757389
124880 0.757389
124881 0.757389
124882 0.560221
124883 0.560221
124884 0.560221
124885 0.560221
124886 0.560221
124887 0.553589
124888 0.553589
124889 0.553589
124890 0.553589
124891 0.553589
124892 0.623444
124893 0.623444
124894 0.623444
124895 0.643231
124896 0.643231
124897 0.643231
124898 0.643231
124899 0.643231
124900 0.759095
124901 0.759095
124902 0.759095
124903 0.759095
124906 0.770478
124915 0.770478
124916 0.770478
124917 0.770478
124918 0.770478
124919 0.770478
124920 0.597230
124921 0.597230
124922 0.597230
124923 0.597230
124924 0.597230
124925 0.622723
124927 0.622723
124928 0.622723
124929 0.527056
124936 0.527056
124937 0.527056
124938 0.527056
124945 0.527056
124947 0.527056
124948 0.834651
124949 0.834651
124956 0.834651
124957 0.834651
124958 0.615524
124959 0.615524
124960 0.615524
124961 0.615524
124962 0.615524
124963 0.511046
124964 0.511046
124965 0.511046
124966 0.511046
124967 0.511046
124968 0.623484
124969 0.623484
124970 0.623484
124971 0.623486
124972 0.623486
124973 0.623486
124974 0.777091
124975 0.777091
124976 0.777091
124977 0.607102
124978 0.607102
124979 0.607102
124980 0.607102
124981 0.623746
124982 0.623746
124983 0.623746
124984 0.623754
124985 0.623754
124986 0.623754
124988 0.623499
124989 0.623499
124990 0.623499
124991 0.594937
124992 0.594937
124994 0.594937
124996 0.594937
124997 0.594937
124999 0.812273
125001 0.812273
125002 0.812273
125004 0.623528
125006 0.623528
125007 0.623528
125008 0.495847
125009 0.495847
125011 0.495847
125012 0.495847
125013 0.495847
125014 0.495847
125015 0.623490
125016 0.623490
125017 0.623490
125018 0.664501
125019 0.664501
125020 0.664501
125021 0.623570
125022 0.623570
125023 0.623570
125024 0.647362
125031 0.647362
125032 0.647362
125033 0.647362
125034 0.678648
125035 0.678648
125043 0.678648
125044 0.557810
125045 0.557810
125046 0.557810
125047 0.557810
125048 0.557810
125049 0.623247
125050 0.623247
125051 0.623247
125052 0.623194
125053 0.623194
125054 0.623194
125055 0.623191
125056 0.623191
125057 0.623191
125058 0.623232
125059 0.623232
125060 0.623232
125061 0.623259
125062 0.623259
125063 0.623259
125064 0.623170
125065 0.623170
125066 0.623170
125067 0.623191
125068 0.623191
125069 0.623191
125070 0.623217
125071 0.623217
125072 0.623217
125073 0.623181
125074 0.623181
125075 0.623181
125076 0.623212
125077 0.623212
125078 0.623212
125079 0.623198
125080 0.623198
125081 0.623198
125082 0.623216
125083 0.623216
125084 0.623216
125085 0.735205
125086 0.735205
125092 0.735205
125093 0.735205
125094 0.735205
125095 0.623227
125096 0.623227
125097 0.623227
125098 0.623203
125099 0.623203
125100 0.623203
125101 0.623245
125102 0.623245
125103 0.623245
125104 0.663648
125105 0.663648
125106 0.663648
125107 0.623235
125108 0.623235
125109 0.623235
125110 0.623210
125111 0.623210
125112 0.623210
125113 0.623285
125114 0.623285
125115 0.623285
125116 0.623265
125117 0.623265
125118 0.623265
125119 0.681790
125120 0.681790
125121 0.681790
125128 0.681790
125130 0.681790
125131 0.681790
125132 0.619468
125133 0.619468
125134 0.619468
125135 0.619468
125136 0.602166
125137 0.602166
125138 0.602166
125142 0.602166
125143 0.602166
125144 0.602166
125145 0.623234
125146 0.623234
125147 0.623234
125148 0.623257
125149 0.623257
125150 0.623257
125151 0.623149
125152 0.623149
125153 0.623149
125154 0.623185
125155 0.623185
125156 0.623185
125157 0.718472
125158 0.718472
125159 0.718472
125164 0.718472
125165 0.718472
125166 0.718472
125167 0.623087
125168 0.623087
125169 0.623087
125170 0.514926
125171 0.514926
125172 0.514926
125173 0.514926
125174 0.514926
125175 0.514926
125176 0.623082
125177 0.623082
125179 0.623082
125180 0.616718
125181 0.616718
125182 0.616718
125183 0.616718
125184 0.623013
125185 0.623013
125186 0.623013
125187 0.623149
125188 0.623149
125189 0.623149
125190 0.628188
125191 0.628188
125199 0.628188
125200 0.628188
125201 0.628188
125202 0.623197
125203 0.623197
125204 0.623197
125205 0.623215
125206 0.623215
125208 0.623215
125209 0.618080
125210 0.618080
125212 0.618080
125214 0.618080
125215 0.623209
125216 0.623209
125217 0.623209
125218 0.623255
125219 0.623255
125220 0.623255
125221 0.623249
125222 0.623249
125223 0.623249
125224 0.623145
125225 0.623145
125226 0.623145
125227 0.623232
125228 0.623232
125229 0.623232
125230 0.623276
125231 0.623276
125232 0.623276
125233 0.623276
125234 0.623276
125235 0.623276
125236 0.623272
125237 0.623272
125238 0.623272
125239 0.623266
125240 0.623266
125241 0.623266
125242 0.623351
125243 0.623351
125244 0.623351
125245 0.623244
125246 0.623244
125247 0.623244
125248 0.672911
125255 0.672911
125256 0.672911
125257 0.672911
125258 0.672911
125259 0.731838
125260 0.731838
125261 0.731838
125262 0.623295
125263 0.623295
125264 0.623295
125265 0.623324
125266 0.623324
125267 0.623324
125268 0.623320
125269 0.623320
125270 0.623320
125271 0.643900
125272 0.643900
125273 0.643900
125274 0.556765
125275 0.556765
125276 0.556765
125277 0.556765
125278 0.556765
125279 0.705145
125280 0.705145
125281 0.705145
125282 0.705145
125283 0.623269
125284 0.623269
125285 0.623269
125286 0.623293
125287 0.623293
125288 0.623293
125289 0.681096
125290 0.681096
125298 0.681096
125304 0.681096
125305 0.681096
125306 0.623306
125307 0.623306
125308 0.623306
125309 0.623278
125310 0.623278
125311 0.623278
125312 0.623313
125313 0.623313
125314 0.623313
125315 0.623313
125316 0.623313
125317 0.623313
125318 0.623288
125319 0.623288
125320 0.623288
125321 0.623300
125322 0.623300
125323 0.623300
125324 0.623288
125325 0.623288
125326 0.623288
125327 0.623295
125328 0.623295
125329 0.623295
125330 0.623297
125331 0.623297
125332 0.623297
125333 0.614397
125334 0.614397
125335 0.614397
125336 0.614397
125337 0.623328
125338 0.623328
125339 0.623328
125340 0.623296
125341 0.623296
125342 0.623296
125343 0.623254
125344 0.623254
125345 0.623254
125346 0.623284
125347 0.623284
125348 0.623284
125349 0.623288
125350 0.623288
125351 0.623288
125352 0.623311
125353 0.623311
125354 0.623311
125355 0.623288
125356 0.623288
125357 0.623288
125358 0.623301
125359 0.623301
125362 0.623301
125363 0.623300
125364 0.623300
125365 0.623300
125366 0.623289
125367 0.623289
125368 0.623289
125369 0.646193
125370 0.646193
125377 0.646193
125378 0.646193
125379 0.646193
125380 0.576235
125381 0.576235
125391 0.576235
125392 0.576235
125393 0.576235
125394 0.623367
125395 0.623367
125396 0.623367
125397 0.623343
125398 0.623343
125399 0.623343
125400 0.623298
125401 0.623298
125402 0.623298
125403 0.642851
125404 0.642851
125405 0.642851
125406 0.561184
125407 0.561184
125410 0.561184
125411 0.561184
125412 0.561184
125413 0.623273
125414 0.623273
125415 0.623273
125416 0.623287
125417 0.623287
125418 0.623287
125419 0.715669
125421 0.715669
125422 0.715669
125423 0.715669
125424 0.623287
125425 0.623287
125426 0.623287
125427 0.683741
125428 0.683741
125435 0.683741
125436 0.683741
125437 0.683741
125438 0.623268
125439 0.623268
125440 0.623268
125441 0.558033
125442 0.558033
125443 0.558033
125444 0.558033
125445 0.558033
125446 0.558033
125447 0.623283
125448 0.623283
125449 0.623283
125450 0.623263
125451 0.623263
125452 0.623263
125453 0.623239
125454 0.623239
125455 0.623239
125456 0.623289
125457 0.623289
125458 0.623289
125459 0.623276
125460 0.623276
125461 0.623276
125462 0.623275
125463 0.623275
125464 0.623275
125465 0.623330
125466 0.623330
125467 0.623330
125468 0.623294
125469 0.623294
125470 0.623294
125471 0.623313
125472 0.623313
125473 0.623313
125474 0.623265
125475 0.623265
125476 0.623265
125477 0.761805
125478 0.761805
125479 0.761805
125480 0.761805
125481 0.623278
125482 0.623278
125483 0.623278
125484 0.623270
125485 0.623270
125486 0.623270
125487 0.579402
125488 0.579402
125489 0.579402
125491 0.579402
125492 0.579402
125493 0.629759
125494 0.629759
125495 0.629759
125496 0.629759
125497 0.623280
125498 0.623280
125499 0.623280
125500 0.702124
125503 0.702124
125504 0.702124
125505 0.702124
125506 0.602879
125507 0.602879
125508 0.602879
125509 0.602879
125510 0.602879
125511 0.514062
125512 0.514062
125513 0.514062
125514 0.514062
125515 0.623272
125516 0.623272
125517 0.623272
125518 0.934994
125519 0.934994
125520 0.623331
125521 0.623331
125522 0.623331
125523 0.638634
125524 0.638634
125525 0.638634
125526 0.638634
125527 0.638634
125528 0.638634
125530 0.638634
125531 0.638634
125540 0.592723
125541 0.592723
125542 0.592723
125543 0.592723
125544 0.623302
125545 0.623302
125546 0.623302
125547 0.571091
125548 0.571091
125549 0.571091
125550 0.571091
125551 0.571091
125552 0.623263
125553 0.623263
125554 0.623263
125555 0.623290
125556 0.623290
125557 0.623290
125558 0.757816
125559 0.757816
125560 0.757816
125561 0.579936
125562 0.579936
125563 0.579936
125564 0.579936
125565 0.579936
125566 0.579936
125567 0.579936
125568 0.623419
125569 0.623419
125570 0.623419
125571 0.623327
125572 0.623327
125573 0.623327
125574 0.623686
125575 0.623686
125576 0.623686
125577 0.623686
125578 0.623686
125579 0.623281
125580 0.623281
125581 0.623281
125582 0.611228
125583 0.611228
125586 0.611228
125587 0.611228
125588 0.611228
125589 0.611228
125590 0.635914
125591 0.635914
125592 0.635914
125593 0.617709
125594 0.617709
125595 0.617709
125596 0.617709
125597 0.617709
125598 0.733133
125599 0.733133
125600 0.733133
125605 0.612177
125606 0.612177
125607 0.612177
125608 0.612177
125609 0.612177
125610 0.621455
125611 0.621455
125612 0.621455
125613 0.621455
125614 0.621455
125615 0.645442
125622 0.645442
125623 0.645442
125624 0.645442
125625 0.645442
125626 0.645442
125627 0.645442
125629 0.645442
125630 0.645442
125631 0.645442
125632 0.645442
125633 0.645442
125634 0.645442
125635 0.509048
125636 0.509048
125637 0.509048
125638 0.509048
125639 0.509048
125640 0.509048
125641 0.509048
125642 0.509048
125643 0.509048
125644 0.623261
125645 0.623261
125646 0.623261
125647 0.645861
125648 0.645861
125649 0.645861
125654 0.645861
125656 0.645861
125657 0.650555
125658 0.650555
125659 0.650555
125660 0.708401
125661 0.708401
125662 0.708401
125663 0.621245
125664 0.621245
125665 0.621245
125666 0.621245
125667 0.623265
125668 0.623265
125669 0.623265
125670 0.699966
125671 0.699966
125672 0.699966
125673 0.511357
125674 0.511357
125675 0.511357
125676 0.511357
125677 0.722160
125678 0.722160
125685 0.722160
125686 0.722160
125687 0.722160
125688 0.575314
125689 0.575314
125690 0.575314
125691 0.575314
125692 0.648656
125693 0.648656
125695 0.648656
125700 0.648656
125701 0.623252
125702 0.623252
125703 0.623252
125704 0.907419
125705 0.907419
125706 0.907419
125707 0.907419
125708 0.907419
125709 0.907419
125711 0.907419
125712 0.633940
125713 0.633940
125714 0.633940
125715 0.633940
125716 0.633940
125717 0.633940
125718 0.633940
125719 0.634096
125720 0.634096
125721 0.634096
125722 0.634096
125723 0.634096
125724 0.566228
125725 0.566228
125726 0.566228
125727 0.566228
125728 0.566228
125729 0.566228
125730 0.623245
125731 0.623245
125732 0.623245
125733 0.623296
125734 0.623296
125735 0.623296
125736 0.665763
125737 0.665763
125738 0.665763
125740 0.569903
125741 0.569903
125742 0.569903
125743 0.569903
125744 0.569903
125745 0.618500
125746 0.618500
125748 0.618500
125749 0.618500
125750 0.739196
125751 0.739196
125752 0.739196
125753 0.623250
125754 0.623250
125755 0.623250
125756 0.623239
125757 0.623239
125758 0.623239
125759 0.623277
125760 0.623277
125761 0.623277
125762 0.623331
125763 0.623331
125764 0.623331
125765 0.623305
125766 0.623305
125767 0.623305
125768 0.623243
125769 0.623243
125770 0.623243
125771 0.623283
125772 0.623283
125773 0.623283
125774 0.623286
125775 0.623286
125776 0.623286
125777 0.623290
125778 0.623290
125779 0.623290
125780 0.508017
125781 0.508017
125783 0.508017
125784 0.508017
125785 0.623296
125786 0.623296
125787 0.623296
125788 0.714651
125789 0.714651
125790 0.714651
