119221 0.670303
119222 0.670303
119285 0.317842
119286 0.317842
119305 0.317842
119306 0.317842
119308 0.317842
119309 0.317842
119310 0.317842
119311 0.317842
119312 0.317842
119313 0.317842
119314 0.317842
119315 0.317842
119316 0.333457
119317 0.333457
119318 0.333457
119319 0.373194
119320 0.373194
119321 0.373194
119322 0.330827
119323 0.330827
119324 0.330827
119325 0.330827
119326 0.401245
119328 0.401245
119330 0.401245
119331 0.462928
119332 0.462928
119338 0.462928
119339 0.462928
119340 0.462928
119341 0.311747
119342 0.311747
119343 0.311747
119344 0.311747
119345 0.365211
119346 0.365211
119347 0.365211
119348 0.365211
119349 0.365211
119350 0.394614
119351 0.394614
119352 0.394614
119361 0.394614
119362 0.352529
119363 0.352529
119364 0.352529
119365 0.352529
119366 0.328418
119368 0.328418
119371 0.328418
119372 0.328418
119373 0.328418
119374 0.328418
119375 0.365489
119376 0.365489
119378 0.365489
119379 0.365489
119380 0.349117
119381 0.349117
119383 0.349117
119384 0.349117
119385 0.349117
119386 0.349117
119387 0.351334
119393 0.351334
119394 0.351334
119398 0.351334
119399 0.351334
119401 0.351334
119403 0.351334
119404 0.351334
119405 0.351334
119406 0.274522
119408 0.274522
119417 0.274522
119418 0.274522
119419 0.274522
119420 0.274522
119421 0.427592
119424 0.427592
119425 0.427592
119426 0.470324
119427 0.470324
119428 0.470324
119430 0.470324
119431 0.470324
119432 0.470324
119433 0.328688
119441 0.328688
119443 0.328688
119444 0.328688
119450 0.328688
119451 0.333464
119452 0.333464
119453 0.333464
119454 0.500269
119455 0.500269
119466 0.483704
119467 0.483704
119468 0.483704
119469 0.333522
119470 0.333522
119471 0.333522
119472 0.333461
119473 0.333461
119474 0.333461
119475 0.333522
119476 0.333522
119477 0.333522
119484 0.442549
119485 0.442549
119486 0.442549
119489 0.442549
119490 0.442549
119492 0.333414
119493 0.333414
119494 0.333414
119495 0.333461
119496 0.333461
119497 0.333461
119503 0.298376
119504 0.298376
119505 0.298376
119506 0.298376
119507 0.298376
119508 0.298376
119509 0.333414
119510 0.333414
119511 0.333414
119512 0.333464
119513 0.333464
119514 0.333464
119516 0.395035
119517 0.395035
119518 0.395035
119520 0.395035
119521 0.395035
119522 0.500035
119523 0.500035
119526 1.000000
119543 0.307070
119544 0.307070
119545 0.307070
119546 0.307070
119547 0.307070
119548 0.333395
119549 0.333395
119551 0.333395
119557 0.380234
119558 0.380234
119578 0.380234
119579 0.380234
119581 0.380234
119583 0.338728
119588 0.338728
119589 0.338728
119590 0.338728
119591 0.333522
119592 0.333522
119593 0.333522
119594 0.333480
119595 0.333480
119596 0.333480
119597 0.333530
119598 0.333530
119599 0.333530
119600 0.333526
119601 0.333526
119602 0.333526
119603 0.333468
119604 0.333468
119605 0.333468
119606 0.348118
119607 0.348118
119608 0.348118
119609 0.599389
119610 0.599389
119627 0.450525
119628 0.450525
119629 0.450525
119634 0.398741
119635 0.398741
119636 0.398741
119644 0.398741
119645 0.314767
119646 0.314767
119647 0.314767
119648 0.314767
119649 0.388580
119650 0.388580
119651 0.388580
119652 0.388580
119658 0.330618
119659 0.330618
119660 0.330618
119661 0.330618
119662 0.465967
119665 0.465967
119669 0.465967
119670 0.465967
119671 0.333468
119672 0.333468
119673 0.333468
119674 0.333472
119675 0.333472
119676 0.333472
119677 0.333414
119678 0.333414
119679 0.333414
119680 0.312945
119681 0.312945
119683 0.312945
119684 0.312945
119685 0.312945
119686 0.312945
119687 0.333422
119688 0.333422
119689 0.333422
119693 0.350659
119694 0.350659
119695 0.350659
119705 0.350659
119706 0.333422
119707 0.333422
119708 0.333422
119709 0.338513
119713 0.338513
119714 0.338513
119715 0.338513
119738 0.333468
119739 0.333468
119740 0.333468
119741 0.333407
119742 0.333407
119743 0.333407
119744 0.333468
119745 0.333468
119746 0.333468
119747 0.333418
119748 0.333418
119749 0.333418
119750 0.333360
119751 0.333360
119752 0.333360
119753 0.333418
119754 0.333418
119755 0.333418
119756 0.333410
119757 0.333410
119758 0.333410
119759 0.333472
119760 0.333472
119761 0.333472
119762 0.462854
119763 0.462854
119764 0.462854
119765 0.333530
119766 0.333530
119767 0.333530
119768 0.370417
119774 0.370417
119791 0.370417
119792 0.370417
119793 0.370417
119794 0.370417
119795 0.302389
119796 0.302389
119798 0.302389
119799 0.302389
119801 0.333530
119802 0.333530
119803 0.333530
119815 0.333461
119816 0.333461
119817 0.333461
119818 0.333468
119819 0.333468
119820 0.333468
119821 0.333472
119822 0.333472
119823 0.333472
119824 0.333468
119825 0.333468
119826 0.333468
119827 0.333468
119828 0.333468
119829 0.333468
119830 0.470056
119831 0.470056
119832 0.470056
119833 0.470056
119834 0.470056
119835 0.333526
119836 0.333526
119837 0.333526
119838 0.333476
119839 0.333476
119840 0.333476
119841 0.333476
119842 0.333476
119843 0.333476
119844 0.334727
119853 0.334727
119854 0.334727
119855 0.334727
119856 0.334727
119858 0.290508
119859 0.290508
119860 0.290508
119861 0.290508
119862 0.333468
119863 0.333468
119864 0.333468
119865 0.333526
119866 0.333526
119867 0.333526
119868 0.333530
119869 0.333530
119870 0.333530
119871 0.342483
119873 0.342483
119874 0.342483
119878 0.342483
119879 0.342483
119880 0.500156
119892 0.500156
119893 0.333418
119894 0.333418
119895 0.333418
119896 0.333480
119897 0.333480
119898 0.333480
119899 0.333472
119900 0.333472
119901 0.333472
119902 0.444474
119903 0.444474
119904 0.444474
119905 0.444474
119917 0.316231
119922 0.316231
119925 0.316231
119926 0.316231
119927 0.316231
119928 0.316231
119929 0.316231
119930 0.316231
119931 0.324192
119932 0.324192
119936 0.324192
119937 0.324192
119938 0.333484
119939 0.333484
119940 0.333484
119941 0.333480
119942 0.333480
119943 0.333480
119944 0.333145
119945 0.333145
119946 0.333145
119947 0.333642
119948 0.333642
119949 0.333642
119950 0.333530
119951 0.333530
119952 0.333530
119953 0.436953
119954 0.436953
119955 0.436953
119959 0.282122
119960 0.282122
119961 0.282122
119962 0.282122
119963 0.282122
119964 0.282122
119965 0.282122
119966 0.333476
119967 0.333476
119968 0.333476
119969 0.375841
119970 0.375841
119971 0.375841
119972 0.358265
119973 0.358265
119974 0.358265
119975 0.358265
119976 0.358265
119977 0.333480
119978 0.333480
119979 0.333480
119980 0.322249
119981 0.322249
119982 0.322249
119986 0.322249
119987 0.368489
119988 0.368489
119989 0.368489
119990 0.368489
119991 0.313088
119992 0.313088
119993 0.313088
119994 0.313088
119995 0.333538
119996 0.333538
119997 0.333538
119998 0.341708
119999 0.341708
120001 0.341708
120002 0.341708
120003 0.333468
120004 0.333468
120006 0.333468
120007 0.333353
120008 0.333353
120009 0.333353
120010 0.333468
120011 0.333468
120012 0.333468
120013 0.455596
120014 0.455596
120020 0.455596
120021 0.455596
120022 0.455596
120023 0.333526
120024 0.333526
120025 0.333526
120026 0.316002
120027 0.316002
120028 0.316002
120029 0.316002
120030 0.321433
120031 0.321433
120032 0.321433
120033 0.321433
120034 0.333480
120035 0.333480
120036 0.333480
120037 0.333476
120038 0.333476
120039 0.333476
120040 0.333476
120041 0.333476
120042 0.333476
120044 0.333472
120045 0.333472
120046 0.333472
120048 0.455028
120049 0.455028
120050 0.455028
120051 0.333534
120052 0.333534
120053 0.333534
120054 0.500174
120055 0.500174
120064 0.312921
120080 0.312921
120081 0.312921
120087 0.312921
120088 0.312921
120089 0.312921
120090 0.500295
120091 0.500295
120092 0.333542
120093 0.333542
120094 0.333542
120095 0.333530
120096 0.333530
120097 0.333530
120098 0.500286
120113 0.500286
120114 0.333538
120115 0.333538
120116 0.333538
120117 0.333534
120118 0.333534
120119 0.333534
120120 0.322246
120121 0.322246
120122 0.322246
120123 0.322246
120125 0.517098
120127 0.517098
120131 0.517098
120132 0.334033
120146 0.334033
120150 0.334033
120152 0.334033
120153 0.334033
120154 0.390480
120155 0.390480
120156 0.390480
120157 0.390480
120158 0.333578
120159 0.333578
120160 0.333578
120161 0.323623
120163 0.323623
120164 0.323623
120165 0.323623
120166 0.323623
120167 0.343529
120168 0.343529
120169 0.343529
120170 0.343529
120171 0.333574
120172 0.333574
120173 0.333574
120174 0.333553
120175 0.333553
120176 0.333553
120177 0.279531
120178 0.279531
120179 0.279531
120180 0.279531
120181 0.279531
120182 0.333579
120183 0.333579
120184 0.333579
120185 0.333581
120186 0.333581
120187 0.333581
120188 0.500370
120190 0.500370
120191 0.308138
120192 0.308138
120193 0.308138
120194 0.308138
120195 0.308138
120196 0.333579
120197 0.333579
120198 0.333579
120199 0.333579
120200 0.333579
120201 0.333579
120202 0.333579
120203 0.333579
120204 0.333579
120205 0.333583
120206 0.333583
120207 0.333583
120217 0.563478
120218 0.563478
120229 0.563478
120230 0.563478
120231 0.563478
120232 0.563478
120233 0.563478
120240 0.320786
120241 0.320786
120242 0.320786
120243 0.320786
120244 0.313615
120245 0.313615
120246 0.313615
120247 0.313615
120248 0.333574
120249 0.333574
120250 0.333574
120251 0.333580
120252 0.333580
120253 0.333580
120254 0.460716
120255 0.460716
120257 0.460716
120258 0.329243
120259 0.329243
120260 0.329243
120261 0.329243
120262 0.333583
120263 0.333583
120264 0.333583
120265 0.333582
120266 0.333582
120267 0.333582
120268 0.297609
120269 0.297609
120276 0.297609
120277 0.297609
120288 0.412764
120291 0.412764
120295 0.412764
120299 0.412764
120303 0.412764
120304 0.412764
120305 0.412764
120306 0.333577
120307 0.333577
120308 0.333577
120309 0.374217
120310 0.374217
120311 0.374217
120312 0.333580
120313 0.333580
120314 0.333580
120315 0.333575
120316 0.333575
120317 0.333575
120318 0.334563
120319 0.334563
120320 0.334563
120321 0.364255
120322 0.364255
120323 0.364255
120328 0.333584
120329 0.333584
120330 0.333584
120331 0.358536
120334 0.358536
120335 0.358536
120336 0.315313
120339 0.315313
120343 0.315313
120344 0.315313
120345 0.315313
120349 0.342109
120361 0.342109
120362 0.342109
120363 0.342109
120364 0.333476
120365 0.333476
120366 0.333476
120367 0.307733
120368 0.307733
120369 0.307733
120370 0.307733
120371 0.333583
120372 0.333583
120373 0.333583
120374 0.333579
120375 0.333579
120376 0.333579
120377 0.333582
120378 0.333582
120379 0.333582
120380 0.406436
120381 0.406436
120382 0.406436
120383 0.333585
120384 0.333585
120385 0.333585
120386 0.333582
120387 0.333582
120388 0.333582
120390 0.292993
120391 0.292993
120392 0.292993
120393 0.292993
120394 0.500379
120397 0.500379
120398 0.333580
120399 0.333580
120400 0.333580
120401 0.333586
120402 0.333586
120403 0.333586
120404 0.333580
120405 0.333580
120407 0.333580
120408 0.333583
120409 0.333583
120410 0.333583
120412 0.500372
120413 0.500372
120414 0.333582
120415 0.333582
120416 0.333582
120417 0.333585
120418 0.333585
120419 0.333585
120420 0.334204
120421 0.334204
120422 0.334204
120423 0.333580
120424 0.333580
120425 0.333580
120426 0.333580
120427 0.333580
120428 0.333580
120429 0.333580
120430 0.333580
120431 0.333580
120432 0.333579
120433 0.333579
120434 0.333579
120436 0.333576
120437 0.333576
120438 0.333576
120439 0.333585
120440 0.333585
120441 0.333585
120442 0.399932
120443 0.399932
120444 0.399932
120445 0.285854
120446 0.285854
120447 0.285854
120448 0.285854
120449 0.285854
120450 0.500370
120451 0.500370
120453 0.351444
120455 0.351444
120456 0.351444
120459 0.333582
120460 0.333582
120461 0.333582
120462 0.333585
120463 0.333585
120464 0.333585
120465 0.500369
120466 0.500369
120468 0.333581
120469 0.333581
120470 0.333581
120471 0.333579
120472 0.333579
120473 0.333579
120474 0.333577
120475 0.333577
120476 0.333577
120477 0.333580
120478 0.333580
120479 0.333580
120480 0.333583
120481 0.333583
120482 0.333583
120483 0.334224
120484 0.334224
120485 0.334224
120486 0.364187
120487 0.364187
120488 0.364187
120489 0.364187
120491 0.364187
120492 0.364187
120500 0.364187
120502 0.364187
120503 0.364187
120504 0.333581
120505 0.333581
120506 0.333581
120507 0.343807
120508 0.343807
120509 0.343807
120510 0.333583
120511 0.333583
120512 0.333583
120513 0.345856
120514 0.345856
120515 0.345856
120516 0.323881
120517 0.323881
120518 0.323881
120519 0.323881
120520 0.333581
120521 0.333581
120522 0.333581
120523 0.333584
120524 0.333584
120525 0.333584
120526 0.333582
120527 0.333582
120528 0.333582
120529 0.333582
120530 0.333582
120531 0.333582
120532 0.333579
120533 0.333579
120534 0.333579
120535 0.333580
120536 0.333580
120537 0.333580
120538 0.333579
120539 0.333579
120540 0.333579
120541 0.500375
120542 0.500375
120544 0.333585
120545 0.333585
120546 0.333585
120547 0.333583
120548 0.333583
120549 0.333583
120550 0.333582
120551 0.333582
120552 0.333582
120553 0.333582
120554 0.333582
120555 0.333582
120556 0.333582
120557 0.333582
120558 0.333582
120559 0.333576
120560 0.333576
120561 0.333576
120562 0.293921
120563 0.293921
120564 0.293921
120565 0.293921
120566 0.293921
120567 0.333582
120568 0.333582
120569 0.333582
120570 0.333581
120571 0.333581
120572 0.333581
120573 0.333581
120574 0.333581
120575 0.333581
120576 0.397946
120577 0.397946
120578 0.397946
120579 0.314404
120580 0.314404
120581 0.314404
120583 0.314404
120584 0.314404
120585 0.314404
120586 0.333585
120587 0.333585
120588 0.333585
120589 0.333581
120590 0.333581
120591 0.333581
120592 0.333583
120593 0.333583
120594 0.333583
120595 0.333579
120596 0.333579
120597 0.333579
120598 0.335739
120599 0.335739
120600 0.335739
120601 0.333584
120602 0.333584
120603 0.333584
120604 0.333581
120605 0.333581
120606 0.333581
120607 0.333582
120608 0.333582
120611 0.333582
120612 0.333577
120613 0.333577
120614 0.333577
120619 0.333583
120620 0.333583
120621 0.333583
120622 0.333583
120623 0.333583
120624 0.333583
120625 0.500371
120626 0.500371
120627 0.333579
120628 0.333579
120630 0.333579
120631 0.333580
120632 0.333580
120633 0.333580
120634 0.333587
120635 0.333587
120636 0.333587
120637 0.333581
120638 0.333581
120639 0.333581
120640 0.333581
120641 0.333581
120642 0.333581
120643 0.333585
120644 0.333585
120645 0.333585
120646 0.294874
120647 0.294874
120648 0.294874
120649 0.294874
120650 0.294874
120651 0.294874
120652 0.294874
120653 0.333578
120654 0.333578
120655 0.333578
120656 0.333582
120657 0.333582
120658 0.333582
120659 0.333581
120660 0.333581
120665 0.333581
120666 0.333582
120667 0.333582
120668 0.333582
120673 0.336453
120674 0.336453
120675 0.336453
120676 0.336453
120677 0.333579
120678 0.333579
120679 0.333579
120680 0.500373
120681 0.500373
120685 0.273905
120686 0.273905
120687 0.273905
120688 0.273905
120689 0.273905
120690 0.273905
120691 0.346150
120692 0.346150
120693 0.346150
120694 0.346150
120695 0.346150
120696 0.369748
120697 0.369748
120698 0.369748
120699 0.369748
120700 0.293403
120701 0.293403
120702 0.293403
120703 0.293403
120704 0.293403
120705 0.333488
120706 0.333488
120707 0.333488
120708 0.333480
120709 0.333480
120710 0.333480
120711 0.333488
120712 0.333488
120713 0.333488
120714 0.374083
120715 0.374083
120716 0.374083
120717 0.479864
120723 0.479864
120724 0.479864
120725 0.479864
120726 0.333581
120727 0.333581
120728 0.333581
120729 0.327726
120730 0.327726
120731 0.327726
120737 0.327726
120738 0.333584
120739 0.333584
120740 0.333584
120741 0.333581
120742 0.333581
120743 0.333581
120744 0.333580
120745 0.333580
120746 0.333580
120747 0.357857
120748 0.357857
120755 0.357857
120756 0.333499
120757 0.333499
120758 0.333499
120759 0.333583
120760 0.333583
120761 0.333583
120762 0.326547
120763 0.326547
120764 0.326547
120771 0.326547
120772 0.333580
120773 0.333580
120774 0.333580
120775 0.333495
120776 0.333495
120777 0.333495
120785 0.558122
120786 0.558122
120787 0.333326
120788 0.333326
120789 0.333326
120790 0.333578
120791 0.333578
120792 0.333578
120793 0.499749
120794 0.499749
120796 0.333579
120797 0.333579
120798 0.333579
120799 0.333583
120800 0.333583
120801 0.333583
120802 0.299704
120803 0.299704
120804 0.299704
120805 0.299704
120807 0.333578
120808 0.333578
120809 0.333578
120810 0.333494
120811 0.333494
120812 0.333494
120813 0.419186
120814 0.419186
120815 0.419186
120816 0.441643
120823 0.441643
120824 0.441643
120831 0.278565
120833 0.278565
120834 0.278565
120835 0.278565
120836 0.278565
120837 0.278565
120838 0.333496
120839 0.333496
120840 0.333496
120841 0.333579
120842 0.333579
120843 0.333579
120844 0.333580
120845 0.333580
120846 0.333580
120847 0.333497
120848 0.333497
120849 0.333497
120850 0.333331
120852 0.333331
120853 0.333331
120854 0.499974
120855 0.499974
120856 0.333576
120857 0.333576
120858 0.333576
120859 0.333582
120860 0.333582
120861 0.333582
120862 0.272313
120863 0.272313
120864 0.272313
120865 0.272313
120866 0.333582
120867 0.333582
120868 0.333582
120869 0.333580
120870 0.333580
120871 0.333580
120872 0.333582
120873 0.333582
120874 0.333582
120875 0.333578
120876 0.333578
120877 0.333578
120878 0.333580
120879 0.333580
120880 0.333580
120881 0.333576
120882 0.333576
120883 0.333576
120884 0.333491
120885 0.333491
120886 0.333491
120887 0.322671
120888 0.322671
120895 0.322671
120897 0.322671
120898 0.368097
120899 0.368097
120900 0.368097
120901 0.339264
120902 0.339264
120903 0.339264
120904 0.405430
120905 0.405430
120909 0.405430
120910 0.405430
120911 0.287964
120912 0.287964
120913 0.287964
120914 0.287964
120915 0.287964
120916 0.362932
120917 0.362932
120918 0.362932
120919 0.328221
120920 0.328221
120921 0.328221
120922 0.328221
120923 0.333234
120924 0.333234
120925 0.333234
120926 0.333136
120927 0.333136
120928 0.333136
120929 0.333580
120930 0.333580
120931 0.333580
120932 0.333582
120933 0.333582
120934 0.333582
120935 0.499692
120936 0.499692
120944 0.432006
120946 0.432006
120947 0.432006
120949 0.432006
120956 0.432006
120959 0.432006
120962 0.364522
120963 0.364522
120964 0.364522
120966 0.364522
120968 0.364522
120970 0.364522
120971 0.364522
120972 0.364522
120973 0.364522
120975 0.333491
120977 0.333491
120978 0.333491
120979 0.403934
120982 0.403934
120984 0.403934
120985 0.396435
120986 0.396435
120987 0.396435
120996 0.396435
120998 0.290651
120999 0.290651
121000 0.290651
121002 0.290651
121031 0.490870
121037 0.490870
121038 0.490870
121039 0.300328
121054 0.300328
121055 0.300328
121056 0.300328
121057 0.300328
121058 0.333495
121061 0.333495
121062 0.333495
121063 0.488897
121064 0.488897
121067 0.488897
121106 0.427023
121107 0.427023
121108 0.427023
121110 0.427023
121122 0.427023
121131 0.427023
121133 0.427023
121134 0.427023
121145 0.333346
121146 0.333346
121148 0.333346
121160 0.470842
121161 0.470842
121162 0.470842
121163 0.470842
121174 0.459432
121188 0.459432
121189 0.459432
121191 0.459432
121192 0.360599
121194 0.360599
121198 0.360599
121207 0.360599
121208 0.360599
121209 0.360599
121213 0.326551
121214 0.326551
121221 0.326551
121222 0.326551
121223 0.326551
121225 0.333581
121226 0.333581
121227 0.333581
121228 0.324333
121229 0.324333
121230 0.324333
121238 0.324333
121239 0.324333
121240 0.324333
121241 0.333483
121243 0.333483
121244 0.333483
121245 0.500373
121246 0.500373
121256 0.500170
121257 0.500170
121265 0.416743
121266 0.416743
121268 0.416743
121270 0.361815
121271 0.361815
121272 0.361815
121281 0.361815
121282 0.361815
121283 0.361815
121284 0.499777
121285 0.499777
121288 0.333156
121289 0.333156
121290 0.333156
121291 0.627518
121298 0.627518
121307 0.320594
121323 0.320594
121325 0.320594
121333 0.320594
121342 0.407460
121343 0.407460
121344 0.407460
121349 0.407460
121361 0.330617
121390 0.330617
121391 0.330617
121392 0.330617
121393 0.499161
121394 0.499161
121397 0.332810
121398 0.332810
121400 0.332810
121401 0.332840
121402 0.332840
121404 0.332840
121405 0.492162
121407 0.492162
121408 0.492162
121411 0.323992
121414 0.323992
121415 0.323992
121416 0.323992
121418 0.377912
121419 0.377912
121426 0.377912
121427 0.377912
121429 0.377912
121430 0.332961
121431 0.332961
121432 0.332961
121433 0.333128
121434 0.333128
121435 0.333128
121436 0.333124
121437 0.333124
121438 0.333124
121439 0.333142
121440 0.333142
121441 0.333142
121442 0.364574
121443 0.364574
121444 0.364574
121446 0.364574
121448 0.332965
121449 0.332965
121450 0.332965
121451 0.333187
121452 0.333187
121453 0.333187
121454 0.333146
121455 0.333146
121456 0.333146
121457 0.314585
121458 0.314585
121459 0.314585
121461 0.314585
121462 0.314585
121464 0.314585
121465 0.314585
121466 0.314585
121468 0.300237
121469 0.300237
121470 0.300237
121471 0.300237
121472 0.300237
121473 0.453496
121475 0.453496
121479 0.453496
