127344 0.604561
127345 0.649958
127347 0.649958
127348 0.649958
127349 0.649958
127350 0.673786
127351 0.673786
127352 0.673786
127353 0.673758
127354 0.673758
127355 0.673758
127356 0.673430
127357 0.673430
127358 0.673430
127359 0.675576
127360 0.675576
127361 0.675576
127362 0.703779
127363 0.703779
127364 0.703779
127370 0.703779
127371 0.703779
127374 0.703779
127375 0.605244
127376 0.605244
127377 0.605244
127378 0.605244
127379 0.605244
127380 0.739284
127381 0.739284
127382 0.739284
127383 0.673455
127384 0.673455
127385 0.673455
127386 0.704633
127387 0.704633
127388 0.704633
127389 0.704633
127390 0.644439
127391 0.644439
127392 0.644439
127393 0.644439
127394 0.644439
127395 0.644439
127396 0.644439
127397 0.537818
127398 0.537818
127399 0.537818
127400 0.537818
127401 0.673740
127402 0.673740
127403 0.673740
127404 0.942246
127405 0.942246
127406 0.942246
127407 0.631311
127408 0.631311
127409 0.631311
127410 0.631311
127415 0.631311
127416 0.631311
127417 0.631311
127418 0.631311
127419 0.673845
127420 0.673845
127421 0.673845
127422 0.781570
127423 0.781570
127424 0.781570
127426 0.840009
127427 0.840009
127428 0.840009
127430 0.840009
127431 0.840009
127434 0.633823
127437 0.633823
127438 0.633823
127439 0.633823
127440 0.721411
127441 0.721411
127446 0.721411
127450 0.564773
127451 0.564773
127452 0.564773
127453 0.564773
127455 0.564773
127456 0.564773
127457 0.564773
127458 0.564773
127459 0.930124
127460 0.930124
127461 0.930124
127462 0.592108
127463 0.592108
127472 0.592108
127473 0.592108
127474 0.592108
127475 0.592108
127476 0.706262
127477 0.706262
127478 0.706262
127479 0.729709
127480 0.729709
127481 0.729709
127482 0.729709
127483 0.729709
127484 0.729709
127485 0.540787
127486 0.540787
127487 0.540787
127488 0.540787
127489 0.540787
127490 0.540787
127491 0.540787
127492 0.540787
127493 0.673781
127494 0.673781
127495 0.673781
127496 0.674193
127497 0.674193
127498 0.674193
127499 0.673461
127500 0.673461
127501 0.673461
127502 0.673798
127503 0.673798
127504 0.673798
127505 0.673743
127506 0.673743
127507 0.673743
127508 0.673745
127509 0.673745
127510 0.673745
127511 0.673423
127512 0.673423
127513 0.673423
127514 0.673760
127515 0.673760
127516 0.673760
127517 0.673787
127518 0.673787
127519 0.673787
127520 0.673844
127521 0.673844
127522 0.673844
127523 0.673478
127524 0.673478
127525 0.673478
127526 0.821892
127527 0.821892
127528 0.821892
127529 0.821892
127530 0.821892
127531 0.821892
127532 0.662691
127533 0.662691
127534 0.662691
127535 0.662691
127536 0.640324
127537 0.640324
127538 0.640324
127539 0.640324
127540 0.640324
127541 0.640324
127542 0.640324
127543 0.673794
127544 0.673794
127545 0.673794
127546 0.673404
127547 0.673404
127548 0.673404
127549 0.674255
127550 0.674255
127551 0.674255
127552 0.674255
127553 0.674255
127554 0.673736
127555 0.673736
127557 0.673736
127558 0.673481
127559 0.673481
127560 0.673481
127561 0.673803
127562 0.673803
127563 0.673803
127564 0.673949
127565 0.673949
127566 0.673949
127567 0.673806
127568 0.673806
127569 0.673806
127571 0.638232
127572 0.638232
127573 0.638232
127574 0.638232
127575 0.669284
127578 0.669284
127579 0.669284
127580 0.669284
127581 0.673779
127582 0.673779
127583 0.673779
127584 0.673428
127585 0.673428
127586 0.673428
127587 0.674008
127588 0.674008
127589 0.674008
127590 0.673767
127591 0.673767
127592 0.673767
127593 1.000000
127594 1.000000
127595 1.000000
127599 0.663153
127600 0.663153
127601 0.663153
127602 0.663153
127603 0.663153
127604 0.673762
127605 0.673762
127606 0.673762
127607 0.673780
127608 0.673780
127609 0.673780
127610 0.673406
127611 0.673406
127612 0.673406
127616 0.629909
127617 0.629909
127618 0.629909
127619 0.629909
127620 0.629909
127621 0.629909
127622 0.629909
127623 0.629909
127624 0.673704
127625 0.673704
127626 0.673704
127627 0.673734
127628 0.673734
127629 0.673734
127630 0.673767
127631 0.673767
127632 0.673767
127633 0.673534
127634 0.673534
127635 0.673534
127636 0.673827
127637 0.673827
127638 0.673827
127639 0.599169
127640 0.599169
127641 0.599169
127648 0.599169
127649 0.599169
127650 0.599169
127654 0.599169
127655 0.599169
127656 0.599169
127657 0.673513
127658 0.673513
127659 0.673513
127660 0.673809
127661 0.673809
127662 0.673809
127663 0.673714
127664 0.673714
127665 0.673714
127666 0.824912
127667 0.824912
127668 0.824912
127669 0.824912
127670 0.824912
127671 0.638479
127678 0.638479
127680 0.638479
127681 0.638479
127682 0.638479
127683 0.638479
127684 0.673745
127685 0.673745
127686 0.673745
127687 0.673774
127688 0.673774
127689 0.673774
127690 0.673499
127691 0.673499
127692 0.673499
127693 0.673780
127694 0.673780
127695 0.673780
127696 0.673794
127697 0.673794
127698 0.673794
127699 0.669153
127700 0.669153
127701 0.669153
127702 0.669153
127703 0.669254
127704 0.669254
127705 0.669254
127706 0.669254
127707 0.673805
127708 0.673805
127709 0.673805
127710 0.673488
127711 0.673488
127712 0.673488
127713 0.673816
127714 0.673816
127715 0.673816
127716 0.673792
127717 0.673792
127718 0.673792
127719 0.673749
127720 0.673749
127721 0.673749
127722 0.673532
127723 0.673532
127724 0.673532
127725 0.673720
127726 0.673720
127727 0.673720
127728 0.651732
127729 0.651732
127730 0.651732
127731 0.651732
127732 0.840634
127733 0.840634
127734 0.840634
127735 0.673970
127736 0.673970
127737 0.673970
127738 0.673761
127739 0.673761
127740 0.673761
127741 0.673844
127742 0.673844
127743 0.673844
127744 0.654400
127745 0.654400
127751 0.654400
127752 0.654400
127758 0.654400
127759 0.654400
127760 0.654400
127761 0.673425
127762 0.673425
127763 0.673425
127764 0.673769
127765 0.673769
127766 0.673769
127767 0.673810
127768 0.673810
127769 0.673810
127770 0.646962
127771 0.646962
127772 0.646962
127773 0.646962
127774 0.673776
127775 0.673776
127776 0.673776
127777 0.673405
127778 0.673405
127779 0.673405
127780 0.602893
127781 0.602893
127782 0.602893
127783 0.602893
127784 0.602893
127785 0.602893
127786 0.673408
127787 0.673408
127788 0.673408
127789 0.673786
127790 0.673786
127791 0.673786
127792 0.796631
127794 0.796631
127795 0.796631
127796 0.796631
127797 0.796631
127798 0.623738
127799 0.623738
127800 0.623738
127801 0.623738
127802 0.623738
127803 0.673785
127804 0.673785
127805 0.673785
127806 0.673876
127807 0.673876
127808 0.673876
127809 0.673674
127810 0.673674
127811 0.673674
127812 0.599086
127813 0.599086
127814 0.599086
127820 0.599086
127821 0.599086
127822 0.599086
127823 0.669389
127824 0.669389
127825 0.669389
127826 0.669389
127827 0.673769
127828 0.673769
127829 0.673769
127830 0.673501
127831 0.673501
127832 0.673501
127833 0.673775
127834 0.673775
127835 0.673775
127836 0.673794
127837 0.673794
127838 0.673794
127839 0.673711
127840 0.673711
127841 0.673711
127842 0.673492
127843 0.673492
127844 0.673492
127845 0.673713
127846 0.673713
127847 0.673713
127848 0.673788
127849 0.673788
127850 0.673788
127851 0.673784
127852 0.673784
127853 0.673784
127854 0.673510
127855 0.673510
127856 0.673510
127858 0.674246
127859 0.674246
127860 0.674246
127861 0.951279
127862 0.951279
127864 0.951279
127865 0.951279
127866 0.951279
127867 0.673502
127868 0.673502
127869 0.673502
127870 0.665073
127871 0.665073
127872 0.665073
127873 0.665073
127874 0.665073
127875 0.595021
127876 0.595021
127879 0.595021
127880 0.595021
127881 0.595021
127882 0.595021
127883 0.595021
127884 0.674006
127885 0.674006
127886 0.674006
127887 0.765622
127888 0.765622
127889 0.765622
127890 0.650483
127891 0.650483
127892 0.650483
127893 0.650483
127894 0.673865
127895 0.673865
127896 0.673865
127897 0.673969
127898 0.673969
127899 0.673969
127900 0.597935
127901 0.597935
127902 0.597935
127903 0.597935
127904 0.597935
127905 0.597935
127906 0.674089
127907 0.674089
127908 0.674089
127909 0.660253
127910 0.660253
127911 0.660253
127912 0.660253
127913 0.673459
127914 0.673459
127915 0.673459
127916 0.674484
127917 0.674484
127920 0.674484
127921 0.673498
127922 0.673498
127923 0.673498
127924 0.673867
127925 0.673867
127926 0.673867
127927 0.673742
127928 0.673742
127929 0.673742
127930 0.673815
127931 0.673815
127932 0.673815
127933 0.673471
127934 0.673471
127935 0.673471
127936 0.674759
127937 0.674759
127938 0.674759
127940 0.659996
127942 0.659996
127944 0.659996
127945 0.659996
127946 0.659996
127947 0.659996
127948 0.736725
127949 0.736725
127950 0.736725
127951 0.736725
127952 0.673431
127953 0.673431
127954 0.673431
127955 0.673798
127956 0.673798
127957 0.673798
127958 0.673995
127959 0.673995
127960 0.673995
127961 0.674088
127962 0.674088
127963 0.674088
127964 0.663418
127965 0.663418
127966 0.663418
127967 0.663418
127968 0.673780
127969 0.673780
127970 0.673780
127971 0.673477
127972 0.673477
127973 0.673477
127974 0.788758
127975 0.788758
127976 0.788758
127977 0.669143
127978 0.669143
127979 0.669143
127980 0.669143
127981 0.673826
127982 0.673826
127983 0.673826
127984 0.673836
127985 0.673836
127986 0.673836
127987 0.683166
127988 0.683166
127989 0.683166
127990 0.683166
127991 0.683166
127992 0.673498
127993 0.673498
127994 0.673498
127995 0.673844
127996 0.673844
127997 0.673844
127998 0.673783
127999 0.673783
128000 0.673783
128001 0.761857
128002 0.761857
128003 0.761857
128005 0.761857
128007 0.587820
128008 0.587820
128009 0.587820
128010 0.587820
128011 0.673433
128012 0.673433
128013 0.673433
128014 0.689877
128015 0.689877
128018 0.689877
128019 0.689877
128020 0.689877
128021 0.689877
128022 0.689877
128023 0.689877
128024 0.673527
128025 0.673527
128026 0.673527
128027 0.673849
128028 0.673849
128029 0.673849
128030 0.687137
128031 0.687137
128032 0.687137
128034 0.674022
128035 0.674022
128036 0.674022
128037 0.717759
128038 0.717759
128046 0.717759
128047 0.717759
128048 0.673037
128064 0.673037
128065 0.673037
128066 0.673037
128067 0.673524
128068 0.673524
128069 0.673524
128070 0.678833
128071 0.678833
128099 0.678833
128102 0.678833
128103 0.678833
128105 0.678833
128130 0.678833
128131 0.678833
128132 0.678833
128133 0.678833
128134 0.673511
128135 0.673511
128136 0.673511
128137 0.673841
128138 0.673841
128139 0.673841
128140 0.673960
128141 0.673960
128142 0.673960
128143 0.673829
128144 0.673829
128145 0.673829
128146 0.613143
128147 0.613143
128155 0.613143
128156 0.613143
128157 0.613143
128158 0.673799
128159 0.673799
128160 0.673799
128161 0.673852
128162 0.673852
128163 0.673852
128164 0.891919
128165 0.891919
128166 0.891919
128171 0.645967
128172 0.645967
128173 0.645967
128174 0.645967
128175 0.673511
128176 0.673511
128177 0.673511
128178 0.673853
128179 0.673853
128180 0.673853
128181 0.673795
128182 0.673795
128183 0.673795
128184 0.584034
128185 0.584034
128186 0.584034
128187 0.584034
128188 0.584034
128189 0.673414
128190 0.673414
128191 0.673414
128192 0.674041
128193 0.674041
128194 0.674041
128195 0.673794
128196 0.673794
128197 0.673794
128198 0.674050
128199 0.674050
128200 0.674050
128201 0.673542
128202 0.673542
128203 0.673542
128204 0.673800
128205 0.673800
128206 0.673800
128207 0.673808
128208 0.673808
128209 0.673808
128210 0.673962
128211 0.673962
128212 0.673962
128213 0.673487
128214 0.673487
128215 0.673487
128216 0.867786
128217 0.867786
128218 0.867786
128219 0.867786
128220 0.669371
128221 0.669371
128222 0.669371
128223 0.669371
128224 0.673845
128225 0.673845
128226 0.673845
128227 0.673465
128228 0.673465
128229 0.673465
128230 0.673805
128231 0.673805
128232 0.673805
128233 0.673826
128234 0.673826
128235 0.673826
128236 0.673762
128237 0.673762
128238 0.673762
128239 0.673655
128240 0.673655
128241 0.673655
128242 0.673891
128243 0.673891
128244 0.673891
128245 0.673826
128246 0.673826
128247 0.673826
128248 0.673790
128249 0.673790
128250 0.673790
128251 0.673445
128252 0.673445
128253 0.673445
128254 0.674012
128255 0.674012
128256 0.674012
128257 0.673829
128258 0.673829
128259 0.673829
128260 0.673816
128261 0.673816
128262 0.673816
128263 0.673487
128264 0.673487
128265 0.673487
128266 0.586706
128267 0.586706
128268 0.586706
128269 0.586706
128271 0.586706
128272 0.736103
128273 0.736103
128274 0.736103
128275 0.736103
128276 0.736103
128277 0.736103
128278 0.728566
128279 0.728566
128280 0.728566
128281 0.673485
128282 0.673485
128283 0.673485
128284 0.673793
128285 0.673793
128286 0.673793
128287 0.673793
128288 0.673793
128289 0.673793
128290 0.674022
128291 0.674022
128292 0.674022
128293 0.673557
128294 0.673557
128295 0.673557
128296 0.673852
128297 0.673852
128298 0.673852
128300 0.669215
128301 0.669215
128302 0.669215
128303 0.669215
128304 0.673793
128305 0.673793
128306 0.673793
128307 0.673762
128308 0.673762
128309 0.673762
128310 0.673509
128311 0.673509
128312 0.673509
128313 0.673773
128314 0.673773
128315 0.673773
128316 0.600382
128317 0.600382
128318 0.600382
128319 0.600382
128320 0.600382
128321 0.600382
128322 0.600382
128323 0.673511
128324 0.673511
128325 0.673511
128326 0.673841
128327 0.673841
128328 0.673841
128329 0.673772
128330 0.673772
128331 0.673772
128332 0.606030
128333 0.606030
128334 0.606030
128335 0.606030
128336 0.673793
128337 0.673793
128338 0.673793
128339 0.695066
128340 0.695066
128389 0.695066
128390 0.695066
128391 0.695066
128392 0.695066
128393 0.673839
128394 0.673839
128395 0.673839
128396 0.980297
128397 0.980297
128398 0.980297
128399 0.980297
128400 0.564494
128401 0.564494
128402 0.564494
128403 0.564494
128404 0.673524
128405 0.673524
128406 0.673524
128407 0.673787
128408 0.673787
128409 0.673787
128410 0.673790
128411 0.673790
128412 0.673790
128413 0.673842
128414 0.673842
128415 0.673842
128416 0.673440
128417 0.673440
128418 0.673440
128419 0.673838
128420 0.673838
128421 0.673838
128422 0.673813
128423 0.673813
128424 0.673813
128425 0.673796
128426 0.673796
128427 0.673796
128428 0.673501
128429 0.673501
128430 0.673501
128431 0.673808
128432 0.673808
128433 0.673808
128434 0.673826
128435 0.673826
128436 0.673826
128437 0.673847
128438 0.673847
128439 0.673847
128440 0.673420
128441 0.673420
128442 0.673420
128443 0.673814
128444 0.673814
128445 0.673814
128446 0.673915
128447 0.673915
128448 0.673915
128449 0.674292
128450 0.674292
128451 0.674292
128452 0.793757
128453 0.793757
128454 0.793757
128455 0.793757
128459 0.729639
128461 0.729639
128463 0.729639
128465 0.729639
128467 0.729639
128468 0.729639
128469 0.729639
128470 0.673804
128471 0.673804
128472 0.673804
128473 0.673810
128474 0.673810
128475 0.673810
128476 0.556721
128477 0.556721
128479 0.556721
128480 0.556721
128481 0.556721
128482 0.556721
128483 0.556721
128484 0.714786
128485 0.714786
128486 0.714786
128487 0.714786
128488 0.673702
128489 0.673702
128490 0.673702
128491 0.674387
128492 0.674387
128493 0.674387
128494 0.673547
128495 0.673547
128496 0.673547
128497 0.674112
128498 0.674112
128499 0.674112
128500 0.673830
128501 0.673830
128502 0.673830
128503 0.673511
128504 0.673511
128505 0.673511
128506 0.673795
128507 0.673795
128508 0.673795
128509 0.673764
128510 0.673764
128511 0.673764
128512 0.673780
128513 0.673780
128514 0.673780
128515 0.673511
128516 0.673511
128517 0.673511
128519 0.673853
128520 0.673853
128521 0.673853
128522 0.669473
128523 0.669473
128524 0.669473
128525 0.669473
128526 0.673456
128527 0.673456
128528 0.673456
128529 0.620315
128530 0.620315
128531 0.620315
128532 0.620315
128539 0.938946
128540 0.938946
128541 0.938946
128542 0.938946
128544 0.938946
128545 0.673512
128546 0.673512
128547 0.673512
128548 0.673742
128549 0.673742
128550 0.673742
128551 0.673826
128552 0.673826
128553 0.673826
128554 0.673854
128555 0.673854
128556 0.673854
128557 0.673495
128558 0.673495
128559 0.673495
128560 0.673784
128561 0.673784
128562 0.673784
128563 0.673756
128564 0.673756
128565 0.673756
128566 0.673817
128567 0.673817
128568 0.673817
128569 0.673495
128570 0.673495
128571 0.673495
128572 0.673826
128573 0.673826
128574 0.673826
128575 0.673840
128576 0.673840
128577 0.673840
128578 0.548354
128579 0.548354
128580 0.548354
128581 0.548354
128582 0.548354
128583 0.673761
128584 0.673761
128585 0.673761
128586 0.860809
128587 0.860809
128588 0.860809
128590 0.860809
128591 0.860809
128592 0.669173
128593 0.669173
128594 0.669173
128595 0.669173
128596 0.673757
128597 0.673757
128598 0.673757
128599 0.673796
128600 0.673796
128601 0.673796
128602 0.673511
128603 0.673511
128604 0.673511
128605 0.673802
128606 0.673802
128607 0.673802
128608 0.673764
128609 0.673764
128610 0.673764
128611 0.673760
128612 0.673760
128613 0.673760
128614 0.673532
128615 0.673532
128616 0.673532
128617 0.673800
128618 0.673800
128619 0.673800
128620 0.673812
128621 0.673812
128622 0.673812
128623 0.673712
128624 0.673712
128625 0.673712
128626 0.674009
128627 0.674009
128628 0.674009
128629 0.673778
128630 0.673778
128631 0.673778
128632 0.673504
128633 0.673504
128634 0.673504
128635 0.673748
128636 0.673748
128637 0.673748
128638 0.673764
128639 0.673764
128640 0.673764
128641 0.673791
128642 0.673791
128643 0.673791
128644 0.673484
128645 0.673484
128646 0.673484
128647 0.673747
128648 0.673747
128649 0.673747
128650 0.673762
128651 0.673762
128652 0.673762
128653 0.673808
128654 0.673808
128655 0.673808
128656 0.673497
128657 0.673497
128658 0.673497
128659 0.673747
128660 0.673747
128661 0.673747
128662 0.673763
128663 0.673763
128664 0.673763
128665 0.673747
128666 0.673747
128667 0.673747
128668 0.577770
128669 0.577770
128670 0.577770
128671 0.577770
128672 0.723475
128673 0.723475
128674 0.723475
128675 0.743111
128676 0.743111
128677 0.743111
128682 0.590391
128687 0.590391
128691 0.590391
128692 0.590391
128693 0.590391
128694 0.590391
128695 0.590391
128696 0.860255
128697 0.860255
128698 0.860255
128699 0.860255
128700 0.569644
128701 0.569644
128702 0.569644
128703 0.569644
128704 0.569644
128705 0.673838
128706 0.673838
128707 0.673838
128708 0.674452
128709 0.674452
128710 0.674452
128711 0.673499
128712 0.673499
128713 0.673499
128714 0.673787
128715 0.673787
128716 0.673787
128717 0.663461
128734 0.663461
128735 0.663461
128736 0.663461
128737 0.711761
128740 0.711761
128741 0.711761
128743 0.711761
128744 0.711761
128745 0.711761
128746 0.673828
128747 0.673828
128748 0.673828
128749 0.673975
128750 0.673975
128751 0.673975
128752 0.673798
128753 0.673798
128754 0.673798
128755 0.673720
128756 0.673720
128757 0.673720
128759 0.668934
128761 0.668934
128762 0.668934
128763 0.668934
128764 0.673811
128765 0.673811
128766 0.673811
128767 0.616135
128768 0.616135
128769 0.616135
128770 0.616135
128771 0.616135
128772 0.673484
128773 0.673484
128774 0.673484
128775 0.674130
128776 0.674130
128777 0.674130
128778 0.673806
128779 0.673806
128780 0.673806
128781 0.965344
128782 0.965344
128783 0.965344
128784 0.603836
128785 0.603836
128786 0.603836
128787 0.603836
128788 0.673828
128789 0.673828
128790 0.673828
128791 0.762131
128792 0.762131
128795 0.762131
128796 0.762131
128797 0.762131
128798 0.683693
128799 0.683693
128800 0.683693
128801 0.683693
128802 0.683693
128803 0.625347
128804 0.625347
128805 0.625347
128806 0.625347
128807 0.625347
128808 0.591765
128809 0.591765
128810 0.591765
128811 0.591765
128813 0.591765
128814 0.591765
128815 0.860705
128816 0.860705
128817 0.860705
128818 0.680183
128819 0.680183
128820 0.680183
128821 0.680183
128822 0.680183
128823 0.680183
128824 0.680183
128825 0.680183
128826 0.610685
128831 0.610685
128832 0.610685
128833 0.610685
128834 0.610685
128835 0.610685
128836 0.610685
128837 0.610685
128838 0.776554
128839 0.776554
128840 0.776554
128841 0.776554
128842 0.776554
128845 0.776554
128846 0.685840
128847 0.685840
128848 0.685840
128849 0.685840
128850 0.685840
128851 0.685840
128852 0.685840
128853 0.685840
128855 0.685840
128858 0.685840
128859 0.685840
128860 0.685840
128861 0.682679
128862 0.682679
128863 0.682679
128864 0.682679
128865 0.682679
128866 0.682679
128867 0.682679
128868 0.682679
128870 0.682679
128871 0.682679
128872 0.682679
128873 0.691221
128874 0.691221
128875 0.691221
128876 0.691221
128877 0.691221
128878 0.691221
128879 0.691221
128880 0.691221
128881 0.691221
128891 0.691221
128892 0.691221
128893 0.691221
128894 0.691221
128895 0.638286
128896 0.638286
128897 0.638286
128898 0.638286
128899 0.638286
128900 0.601951
128901 0.601951
128902 0.601951
128903 0.601951
128904 0.601951
128905 0.673819
128906 0.673819
128907 0.673819
128908 0.673839
128909 0.673839
128910 0.673839
128911 0.659637
128912 0.659637
128913 0.659637
128917 0.659637
128918 0.659637
128919 0.744591
128920 0.744591
128921 0.744591
128922 0.673827
128923 0.673827
128924 0.673827
128925 0.711577
128926 0.711577
128927 0.711577
128928 0.720231
128929 0.720231
128930 0.720231
128931 0.674072
128934 0.674072
128935 0.674072
128936 0.674017
128937 0.674017
128938 0.674017
128939 0.537675
128940 0.537675
128941 0.537675
128942 0.537675
128943 0.869715
128949 0.869715
128950 0.869715
128951 0.673470
128952 0.673470
128953 0.673470
128954 0.653507
128955 0.653507
128961 0.653507
128962 0.653507
128963 0.673550
128964 0.673550
128965 0.673550
128966 0.673813
128967 0.673813
128968 0.673813
128969 0.673759
128970 0.673759
128971 0.673759
128972 0.584645
128973 0.584645
128974 0.584645
128975 0.584645
128976 0.674421
128977 0.674421
128978 0.674421
128979 0.673788
128980 0.673788
128981 0.673788
128982 0.673838
128983 0.673838
128984 0.673838
128985 0.896494
128986 0.896494
128987 0.896494
128997 0.604561
128998 0.604561
128999 0.604561
129000 0.604561
129001 0.604561
129002 0.604561
