121501 0.332985
121502 0.332985
121503 0.332985
121504 0.333014
121505 0.333014
121506 0.333014
121507 0.333149
121508 0.333149
121509 0.333149
121510 0.332996
121511 0.332996
121513 0.332996
121514 0.489110
121515 0.489110
121525 0.489110
121537 0.370548
121538 0.370548
121539 0.370548
121540 0.370548
121543 0.370548
121544 0.370548
121545 0.370548
121546 0.478630
121547 0.478630
121548 0.478630
121554 0.478630
121566 0.323558
121567 0.323558
121569 0.323558
121571 0.323558
121572 0.323558
121573 0.323558
121575 0.332984
121577 0.332984
121578 0.332984
121579 0.332984
121580 0.332984
121581 0.332984
121582 0.332984
121584 0.332984
121585 0.332984
121586 0.558176
121587 0.558176
121589 0.558176
121591 0.558176
121592 0.558176
121593 0.558176
121594 0.384316
121596 0.384316
121598 0.384316
121599 0.384316
121600 0.384316
121604 0.384316
121605 0.384316
121606 0.384316
121610 0.384316
121611 0.384316
121614 0.539659
121615 0.539659
121616 0.539659
121617 0.539659
121626 0.539659
121627 0.539659
121635 0.539659
121636 0.539659
121638 0.539659
121639 0.539659
121641 0.539659
121645 0.298600
121648 0.298600
121649 0.298600
121650 0.298600
121652 0.298600
121659 0.298600
121660 0.298600
121661 0.298600
121662 0.298600
121663 0.298600
121670 0.489294
121671 0.489294
121672 0.489294
121673 0.332694
121674 0.332694
121675 0.332694
121676 0.332694
121677 0.332694
121678 0.332694
121679 0.281211
121680 0.281211
121681 0.281211
121682 0.281211
121683 0.281211
121684 0.281211
121685 0.281211
121686 0.281211
121687 0.281211
121688 0.281211
121689 0.281211
121690 0.410516
121691 0.410516
121692 0.410516
121694 0.410516
121695 0.290520
121696 0.290520
121698 0.290520
121699 0.290520
121700 0.290520
121701 0.407736
121702 0.407736
121703 0.407736
121704 0.283356
121705 0.283356
121708 0.283356
121709 0.283356
121712 0.283356
121715 0.283356
121716 0.283356
121717 0.283356
121718 0.396112
121719 0.396112
121720 0.396112
121722 0.564466
121734 0.564466
121744 0.564466
121746 0.564466
121747 0.389367
121748 0.389367
121751 0.389367
121752 0.389367
121753 0.389367
121754 0.324658
121757 0.324658
121758 0.324658
121760 0.324658
121761 0.333333
121762 0.333333
121764 0.333333
121765 0.333345
121767 0.333345
121768 0.333345
121769 0.333330
121770 0.333330
121773 0.333330
121774 0.333330
121775 0.333330
121776 0.333330
121777 0.333331
121778 0.333331
121779 0.333331
121780 0.333329
121781 0.333329
121782 0.333329
121783 0.333332
121784 0.333332
121785 0.333332
121786 0.299503
121787 0.299503
121788 0.299503
121790 0.299503
121801 0.909956
121812 0.909956
121824 0.909956
121825 0.333341
121826 0.333341
121827 0.333341
121828 0.333330
121829 0.333330
121830 0.333330
121831 0.333328
121832 0.333328
121833 0.333328
121834 0.333345
121836 0.333345
121837 0.333345
121838 0.333329
121839 0.333329
121840 0.333329
121841 0.363179
121842 0.363179
121843 0.363179
121844 0.363179
121845 0.363179
121852 0.312300
121856 0.312300
121858 0.312300
121859 0.312300
121860 0.312300
121861 0.333331
121863 0.333331
121864 0.333331
121868 1.000000
121871 0.333331
121872 0.333331
121874 0.333331
121875 0.333331
121876 0.333331
121878 0.333331
121879 0.356488
121880 0.356488
121881 0.356488
121882 0.387921
121883 0.387921
121884 0.387921
121885 0.387921
121886 0.324811
121898 0.324811
121899 0.324811
121900 0.324811
121901 0.333331
121903 0.333331
121904 0.333331
121906 0.333331
121907 0.333331
121908 0.333331
121909 0.349032
121910 0.349032
121911 0.349032
121912 0.349032
121914 0.349032
121915 0.408675
121916 0.408675
121917 0.408675
121918 0.308755
121919 0.308755
121920 0.308755
121921 0.308755
121922 0.308755
121923 0.333331
121924 0.333331
121925 0.333331
121926 0.333331
121927 0.333331
121928 0.333331
121929 0.333331
121930 0.333331
121931 0.333331
121932 0.426730
121933 0.426730
121935 0.426730
121936 0.333330
121937 0.333330
121938 0.333330
121939 0.333331
121940 0.333331
121941 0.333331
121942 0.333329
121943 0.333329
121944 0.333329
121945 0.333331
121946 0.333331
121947 0.333331
121948 0.333330
121949 0.333330
121950 0.333330
121968 0.964090
121969 0.964090
121981 0.621644
121982 0.621644
121993 0.621644
121994 0.318559
121995 0.318559
121996 0.318559
121997 0.318559
121998 0.318559
121999 0.333330
122000 0.333330
122001 0.333330
122002 0.344623
122004 0.344623
122005 0.344623
122007 0.344623
122009 0.344623
122010 0.304969
122011 0.304969
122013 0.304969
122014 0.304969
122015 0.304969
122016 0.304969
122017 0.304969
122018 0.333330
122020 0.333330
122021 0.333330
122022 0.402440
122023 0.402440
122024 0.402440
122025 0.333332
122026 0.333332
122028 0.333332
122029 0.461377
122040 0.461377
122041 0.461377
122042 0.461377
122043 0.333330
122044 0.333330
122045 0.333330
122046 0.333330
122047 0.333330
122048 0.333330
122049 0.333332
122050 0.333332
122051 0.333332
122052 0.333332
122053 0.333332
122055 0.333332
122056 0.333335
122058 0.333335
122059 0.333335
122060 0.332974
122062 0.332974
122063 0.332974
122064 0.313023
122069 0.313023
122078 0.313023
122084 0.313023
122085 0.313023
122086 0.313023
122087 0.333332
122088 0.333332
122090 0.333332
122091 0.321697
122092 0.321697
122093 0.321697
122094 0.321697
122095 0.336490
122096 0.336490
122097 0.336490
122098 0.336490
122099 0.333330
122100 0.333330
122101 0.333330
122102 0.333330
122104 0.333330
122105 0.333330
122106 0.333333
122107 0.333333
122108 0.333333
122109 0.333343
122110 0.333343
122111 0.333343
122113 0.333329
122114 0.333329
122115 0.333329
122116 0.333326
122117 0.333326
122118 0.333326
122119 0.333328
122120 0.333328
122121 0.333328
122122 0.333332
122123 0.333332
122124 0.333332
122125 0.499998
122126 0.499998
122130 0.330126
122131 0.330126
122132 0.330126
122133 0.330126
122134 0.333127
122135 0.333127
122136 0.333127
122137 0.333329
122138 0.333329
122139 0.333329
122140 0.333333
122141 0.333333
122142 0.333333
122143 0.333328
122144 0.333328
122145 0.333328
122146 0.333330
122147 0.333330
122148 0.333330
122149 0.333331
122150 0.333331
122151 0.333331
122152 0.333331
122153 0.333331
122154 0.333331
122156 0.326843
122157 0.326843
122158 0.326843
122159 0.326843
122160 0.326843
122161 0.338982
122162 0.338982
122163 0.338982
122164 0.338982
122165 0.338982
122166 0.333333
122167 0.333333
122168 0.333333
122169 0.333330
122170 0.333330
122171 0.333330
122172 0.333331
122173 0.333331
122174 0.333331
122175 0.333329
122176 0.333329
122177 0.333329
122178 0.333329
122180 0.333329
122181 0.333329
122182 0.380215
122183 0.380215
122184 0.380215
122185 0.351062
122200 0.351062
122201 0.351062
122202 0.324285
122204 0.324285
122205 0.324285
122206 0.324285
122207 0.314176
122208 0.314176
122209 0.314176
122210 0.314176
122211 0.314176
122212 0.431808
122228 0.431808
122229 0.431808
122230 0.333330
122231 0.333330
122232 0.333330
122233 0.333328
122234 0.333328
122235 0.333328
122236 0.333329
122237 0.333329
122238 0.333329
122239 0.323319
122240 0.323319
122241 0.323319
122242 0.323319
122243 0.326064
122244 0.326064
122245 0.326064
122246 0.326064
122247 0.333330
122248 0.333330
122249 0.333330
122252 0.333329
122253 0.333329
122254 0.333329
122255 0.320114
122256 0.320114
122261 0.320114
122262 0.320114
122263 0.333332
122264 0.333332
122265 0.333332
122268 0.827143
122269 0.827143
122270 0.827143
122271 0.333100
122272 0.333100
122273 0.333100
122274 0.311693
122275 0.311693
122278 0.311693
122282 0.311693
122283 0.311693
122284 0.327847
122285 0.327847
122286 0.327847
122287 0.327847
122288 0.333325
122289 0.333325
122290 0.333325
122291 0.310020
122292 0.310020
122295 0.310020
122299 0.310020
122300 0.310020
122301 0.333327
122302 0.333327
122303 0.333327
122304 0.333330
122305 0.333330
122306 0.333330
122307 0.411221
122315 0.411221
122316 0.411221
122317 0.411221
122318 0.333333
122321 0.333333
122322 0.333333
122323 0.331022
122330 0.331022
122331 0.331022
122332 0.331022
122333 0.333334
122334 0.333334
122335 0.333334
122336 0.333325
122337 0.333325
122338 0.333325
122339 0.298027
122342 0.298027
122343 0.298027
122344 0.298027
122345 0.298027
122346 0.333329
122347 0.333329
122348 0.333329
122349 0.333336
122350 0.333336
122351 0.333336
122352 0.333342
122353 0.333342
122354 0.333342
122355 0.333330
122356 0.333330
122357 0.333330
122358 0.333330
122359 0.333330
122360 0.333330
122361 0.333334
122363 0.333334
122364 0.333334
122365 0.333332
122366 0.333332
122367 0.333332
122368 0.472015
122369 0.472015
122370 0.472015
122371 0.472015
122372 0.342788
122373 0.342788
122374 0.342788
122386 0.289017
122390 0.289017
122394 0.289017
122395 0.289017
122397 0.289017
122398 0.289017
122399 0.289017
122400 0.289017
122401 0.289017
122402 0.499994
122403 0.499994
122436 0.275033
122437 0.275033
122439 0.275033
122440 0.275033
122441 0.275033
122442 0.315712
122443 0.315712
122444 0.315712
122446 0.315712
122447 0.315712
122448 0.435691
122449 0.435691
122450 0.435691
122451 0.435691
122452 0.340964
122453 0.340964
122454 0.340964
122461 0.340964
122462 0.333330
122463 0.333330
122464 0.333330
122465 0.333329
122466 0.333329
122467 0.333329
122468 0.333331
122469 0.333331
122470 0.333331
122471 0.352371
122472 0.352371
122473 0.352371
122474 0.352371
122482 0.352371
122483 0.333331
122484 0.333331
122485 0.333331
122486 0.333331
122487 0.333331
122488 0.333331
122489 0.318663
122490 0.318663
122491 0.318663
122492 0.318663
122493 0.333334
122494 0.333334
122495 0.333334
122496 0.318784
122498 0.318784
122500 0.318784
122501 0.318784
122504 0.318784
122505 0.318784
122506 0.318784
122507 0.394996
122509 0.394996
122510 0.394996
122511 0.394996
122512 0.297688
122515 0.297688
122516 0.297688
122517 0.297688
122518 0.333331
122519 0.333331
122520 0.333331
122521 0.350840
122522 0.350840
122523 0.350840
122525 0.333331
122526 0.333331
122527 0.333331
122528 0.333331
122529 0.333331
122530 0.333331
122531 0.333331
122532 0.333331
122533 0.333331
122534 0.430252
122541 0.430252
122542 0.430252
122544 0.430252
122545 0.430252
122549 0.430252
122551 0.430252
122552 0.430252
122553 0.333334
122554 0.333334
122555 0.333334
122556 0.333326
122557 0.333326
122558 0.333326
122559 0.261355
122561 0.261355
122562 0.261355
122563 0.261355
122564 0.261355
122565 0.333330
122566 0.333330
122567 0.333330
122568 0.333331
122569 0.333331
122570 0.333331
122571 0.333336
122573 0.333336
122574 0.333336
122575 0.494615
122576 0.494615
122579 0.494615
122580 0.333331
122582 0.333331
122583 0.333331
122584 0.333324
122585 0.333324
122586 0.333324
122587 0.313057
122589 0.313057
122590 0.313057
122591 0.313057
122592 0.333334
122593 0.333334
122594 0.333334
122595 0.360879
122596 0.360879
122597 0.360879
122604 0.316948
122605 0.316948
122606 0.316948
122607 0.316948
122608 0.333328
122609 0.333328
122610 0.333328
122611 0.333329
122612 0.333329
122613 0.333329
122614 0.333329
122615 0.333329
122616 0.333329
122617 0.342777
122618 0.342777
122619 0.342777
122620 0.333330
122621 0.333330
122622 0.333330
122623 0.333339
122624 0.333339
122625 0.333339
122626 0.333332
122627 0.333332
122628 0.333332
122629 0.302980
122630 0.302980
122635 0.302980
122636 0.302980
122637 0.302980
122643 0.414704
122644 0.414704
122645 0.414704
122646 0.414704
122647 0.414704
122648 0.333330
122649 0.333330
122650 0.333330
122651 0.333329
122652 0.333329
122653 0.333329
122654 0.276731
122655 0.276731
122656 0.276731
122657 0.276731
122658 0.276731
122659 0.276731
122660 0.333333
122661 0.333333
122662 0.333333
122663 0.333331
122664 0.333331
122665 0.333331
122666 0.333332
122668 0.333332
122669 0.333332
122670 0.333329
122671 0.333329
122672 0.333329
122673 0.333329
122674 0.333329
122675 0.333329
122676 0.333332
122677 0.333332
122678 0.333332
122679 0.333329
122680 0.333329
122681 0.333329
122682 0.333329
122683 0.333329
122686 0.333329
122687 0.333328
122688 0.333328
122689 0.333328
122690 0.333331
122691 0.333331
122693 0.333331
122694 0.333333
122695 0.333333
122696 0.333333
122697 0.333329
122698 0.333329
122699 0.333329
122700 0.333329
122701 0.333329
122702 0.333329
122703 0.333329
122704 0.333329
122705 0.333329
122706 0.333331
122707 0.333331
122708 0.333331
122709 0.333330
122710 0.333330
122711 0.333330
122712 0.350897
122713 0.350897
122715 0.350897
122716 0.350897
122717 0.350897
122718 0.334212
122746 0.334212
122747 0.334212
122752 0.334212
122753 0.455534
122757 0.455534
122758 0.455534
122759 0.295392
122760 0.295392
122761 0.295392
122763 0.295392
122764 0.295392
122765 0.324736
122766 0.324736
122767 0.324736
122768 0.324736
122769 0.394931
122770 0.394931
122771 0.394931
122772 0.341923
122773 0.341923
122774 0.341923
122775 0.341923
122784 0.341923
122785 0.333331
122786 0.333331
122787 0.333331
122788 0.333328
122789 0.333328
122790 0.333328
122791 0.333328
122792 0.333328
122793 0.333328
122794 0.333331
122795 0.333331
122796 0.333331
122797 0.320308
122798 0.320308
122799 0.320308
122800 0.320308
122801 0.320308
122802 0.333327
122803 0.333327
122804 0.333327
122809 0.305603
122817 0.305603
122818 0.305603
122819 0.305603
122820 0.305603
122821 0.333333
122822 0.333333
122823 0.333333
122824 0.333329
122825 0.333329
122826 0.333329
122827 0.333329
122828 0.333329
122829 0.333329
122830 0.383527
122833 0.383527
122834 0.383527
122835 0.383527
122836 0.383527
122843 0.294127
122844 0.294127
122845 0.294127
122846 0.294127
122847 0.499998
122848 0.499998
122849 0.333328
122850 0.333328
122851 0.333328
122852 0.308311
122853 0.308311
122854 0.308311
122855 0.308311
122856 0.333329
122857 0.333329
122858 0.333329
122859 0.308023
122860 0.308023
122861 0.308023
122862 0.308023
122864 0.308023
122865 0.323720
122866 0.323720
122870 0.323720
122871 0.323720
122872 0.444218
122875 0.444218
122879 0.444218
122880 0.444218
122883 0.444218
122884 0.444218
122885 0.319726
122886 0.319726
122888 0.319726
122889 0.319726
122891 0.319726
122893 0.319726
122894 0.319726
122895 0.333331
122896 0.333331
122897 0.333331
122898 0.392631
122899 0.392631
122900 0.392631
122901 0.392631
122902 0.323534
122903 0.323534
122904 0.323534
122905 0.323534
122906 0.333329
122907 0.333329
122908 0.333329
122909 0.409692
122910 0.409692
122911 0.409692
122912 0.293235
122914 0.293235
122915 0.293235
122917 0.293235
122918 0.293235
122919 0.293235
122920 0.437943
122925 0.437943
122926 0.437943
122927 0.437943
122928 0.333330
122929 0.333330
122930 0.333330
122931 0.309465
122932 0.309465
122934 0.309465
122936 0.309465
122937 0.309465
122938 0.309465
122939 0.393435
122940 0.393435
122941 0.393435
122942 0.333331
122943 0.333331
122944 0.333331
122945 0.333334
122946 0.333334
122947 0.333334
122948 0.327440
122949 0.327440
122950 0.327440
122951 0.327440
122953 0.355752
122954 0.355752
122955 0.355752
122961 0.355752
122962 0.355752
122963 0.355752
122964 0.333331
122965 0.333331
122966 0.333331
122967 0.333330
122968 0.333330
122969 0.333330
122971 0.362316
122972 0.362316
122973 0.362316
122974 0.272788
122975 0.272788
122976 0.272788
122977 0.272788
122978 0.272788
122979 0.272788
122980 0.353617
122981 0.353617
122982 0.353617
122983 0.353617
122984 0.313323
122985 0.313323
122986 0.313323
122994 0.313323
122995 0.313323
122996 0.333331
122997 0.333331
122998 0.333331
122999 0.333330
123000 0.333330
123001 0.333330
123002 0.333330
123003 0.333330
123004 0.333330
123005 0.333330
123006 0.333330
123007 0.333330
123008 0.333328
123009 0.333328
123010 0.333328
123011 0.333330
123012 0.333330
123013 0.333330
123014 0.333330
123015 0.333330
123016 0.333330
123017 0.333330
123018 0.333330
123019 0.333330
123020 0.333332
123021 0.333332
123022 0.333332
123023 0.333333
123024 0.333333
123025 0.333333
123026 0.499997
123027 0.499997
123028 0.327822
123034 0.327822
123035 0.327822
123036 0.327822
123037 0.333330
123038 0.333330
123039 0.333330
123040 0.333332
123041 0.333332
123042 0.333332
123043 0.333330
123044 0.333330
123045 0.333330
123046 0.333348
123047 0.333348
123048 0.333348
123049 0.333331
123050 0.333331
123051 0.333331
123052 0.333331
123053 0.333331
123054 0.333331
123055 0.333331
123056 0.333331
123057 0.333331
123058 0.333329
123059 0.333329
123060 0.333329
123061 0.308213
123062 0.308213
123063 0.308213
123064 0.308213
123065 0.333329
123066 0.333329
123067 0.333329
123068 0.285108
123069 0.285108
123070 0.285108
123071 0.285108
123072 0.333332
123073 0.333332
123074 0.333332
123075 0.333329
123076 0.333329
123077 0.333329
123078 0.333333
123079 0.333333
123080 0.333333
123081 0.499994
123082 0.499994
123084 0.268612
123085 0.268612
123086 0.268612
123087 0.268612
123088 0.268612
123089 0.333332
123090 0.333332
123091 0.333332
123092 0.333332
123093 0.333332
123094 0.333332
123095 0.357388
123096 0.357388
123097 0.357388
123098 0.333332
123099 0.333332
123100 0.333332
123101 0.333329
123103 0.333329
123104 0.333329
123105 0.333327
123106 0.333327
123107 0.333327
123108 0.333329
123109 0.333329
123110 0.333329
123111 0.317387
123112 0.317387
123114 0.317387
123115 0.317387
123116 0.333339
123118 0.333339
123119 0.333339
123120 0.326646
123121 0.326646
123122 0.326646
123123 0.326646
123124 0.333331
123125 0.333331
123126 0.333331
123127 0.447663
123128 0.447663
123136 0.447663
123137 0.333332
123138 0.333332
123139 0.333332
123141 0.333334
123142 0.333334
123143 0.333334
123144 0.333329
123145 0.333329
123146 0.333329
123147 0.328265
123153 0.328265
123154 0.328265
123155 0.328265
123156 0.328265
123157 0.333333
123158 0.333333
123159 0.333333
123160 0.333329
123161 0.333329
123162 0.333329
123163 0.333329
123164 0.333329
123165 0.333329
123166 0.333329
123167 0.333329
123168 0.333329
123169 0.366462
123177 0.366462
123178 0.366462
123179 0.366462
123180 0.355982
123181 0.355982
123182 0.355982
123184 0.325923
123185 0.325923
123186 0.325923
123187 0.325923
123188 0.333362
123189 0.333362
123190 0.333362
123192 0.333355
123193 0.333355
123194 0.333355
123195 0.300486
123197 0.300486
123198 0.300486
123199 0.300486
123200 0.315942
123201 0.315942
123202 0.315942
123207 0.315942
123208 0.315942
123209 0.361526
123210 0.361526
123211 0.361526
123213 0.361526
123214 0.361526
123215 0.333333
123216 0.333333
123217 0.333333
123219 0.403804
123220 0.403804
123221 0.403804
123224 0.403804
123225 0.326404
123227 0.326404
123228 0.326404
123229 0.326404
123230 0.339828
123231 0.339828
123233 0.339828
123234 0.305468
123235 0.305468
123236 0.305468
123237 0.305468
123238 0.333335
123239 0.333335
123240 0.333335
123241 0.397929
123242 0.397929
123243 0.397929
123244 0.397929
123245 0.333332
123246 0.333332
123247 0.333332
123248 0.333361
123249 0.333361
123250 0.333361
123251 0.333363
123252 0.333363
123253 0.333363
123254 0.260365
123255 0.260365
123256 0.260365
123257 0.260365
123258 0.333358
123259 0.333358
123260 0.333358
123261 0.333356
123262 0.333356
123263 0.333356
123264 0.513868
123265 0.513868
123267 0.289311
123268 0.289311
123269 0.289311
123270 0.289311
123271 0.289311
123272 0.289311
123273 0.333352
123274 0.333352
123275 0.333352
123276 0.333357
123277 0.333357
123278 0.333357
123279 0.333362
123280 0.333362
123281 0.333362
123282 0.333360
123283 0.333360
123284 0.333360
123285 0.333358
123286 0.333358
123287 0.333358
123288 0.393209
123290 0.393209
123297 0.393209
123304 0.393209
123305 0.393209
123306 0.333356
123307 0.333356
123308 0.333356
123309 0.333359
123310 0.333359
123311 0.333359
123312 0.333362
123313 0.333362
123314 0.333362
123317 0.329011
123318 0.329011
123319 0.329011
123320 0.329011
123321 0.361702
123322 0.361702
123323 0.361702
123324 0.312380
123325 0.312380
123326 0.312380
123327 0.312380
123328 0.312380
123329 0.312380
123330 0.347010
123331 0.347010
123333 0.347010
123334 0.333359
123335 0.333359
123336 0.333359
123337 0.333135
123338 0.333135
123339 0.333135
123340 0.333135
123341 0.333361
123342 0.333361
123343 0.333361
123344 0.333352
123345 0.333352
123346 0.333352
123347 0.333354
123348 0.333354
123349 0.333354
123350 0.342272
123351 0.342272
123355 0.342272
123356 0.359615
123357 0.359615
123358 0.359615
123359 0.359615
123360 0.333357
123361 0.333357
123362 0.333357
123363 0.333355
123364 0.333355
123365 0.333355
123366 0.333360
123367 0.333360
123368 0.333360
123369 0.333355
123370 0.333355
123371 0.333355
123372 0.333360
123373 0.333360
123374 0.333360
123375 0.333360
123376 0.333360
123377 0.333360
123378 0.323414
123380 0.323414
123381 0.323414
123382 0.323414
123383 0.323414
123384 0.333357
123385 0.333357
123386 0.333357
123387 0.415318
123388 0.415318
123389 0.415318
123392 0.415318
123393 0.415318
123395 0.415318
123399 0.310415
123418 0.310415
123423 0.310415
123424 0.310415
123425 0.310415
123426 0.310415
123427 0.310415
123428 0.344029
123429 0.344029
123430 0.344029
123431 0.358635
123432 0.358635
123433 0.358635
123434 0.358635
123435 0.358635
123436 0.358635
123437 0.358635
123438 0.358635
123439 0.372937
123446 0.372937
123447 0.372937
123448 0.372937
123449 0.372937
123455 0.372937
123457 0.372937
123461 0.372937
123465 0.372937
123466 0.372937
123467 0.372937
123468 0.372937
123469 0.372937
123470 0.278386
123475 0.278386
123476 0.278386
123477 0.278386
123478 0.278386
123479 0.278386
123481 0.278386
123483 0.278386
123485 0.454240
123488 0.454240
123489 0.454240
123491 0.454240
123492 0.454240
123493 0.326957
123495 0.326957
123496 0.326957
123497 0.326957
123498 0.326957
123501 0.326957
123502 0.380437
123505 0.380437
123515 0.380437
123517 0.380437
123529 0.380437
123533 0.380437
123535 0.352770
123538 0.352770
123541 0.352770
123555 0.352770
123558 0.352770
123561 0.352770
123563 0.352770
123566 0.352770
123568 0.352770
123569 0.352770
123571 0.352770
123572 0.361057
123573 0.361057
123578 0.361057
123579 0.361057
123580 0.361057
123581 0.361057
123590 0.361057
123593 0.361057
123594 0.374103
123595 0.374103
123596 0.374103
123598 0.374103
123599 0.374103
123601 0.374103
123602 0.374103
123603 0.374103
123605 0.374103
123607 0.374103
123608 0.371038
123609 0.371038
123610 0.371038
123612 0.371038
123613 0.371038
