130476 0.630451
130484 0.630451
130487 0.630451
130488 0.630451
130489 0.630451
130490 0.667127
130491 0.667127
130492 0.667127
130493 0.666523
130494 0.666523
130495 0.666523
130496 0.553053
130497 0.553053
130498 0.553053
130499 0.553053
130503 0.948915
130509 0.948915
130510 0.948915
130511 0.948915
130512 0.948915
130513 0.667102
130514 0.667102
130515 0.667102
130516 0.668939
130517 0.668939
130518 0.668939
130519 0.562543
130520 0.562543
130521 0.562543
130522 0.562543
130523 0.562543
130524 0.562543
130525 0.562543
130528 0.562543
130529 0.666562
130530 0.666562
130531 0.666562
130532 0.603443
130533 0.603443
130534 0.603443
130535 0.603443
130536 0.992209
130537 0.992209
130542 0.992209
130543 0.604458
130544 0.604458
130545 0.604458
130546 0.604458
130547 0.604458
130548 0.686064
130549 0.686064
130550 0.686064
130551 0.666665
130552 0.666665
130553 0.666665
130554 0.667174
130555 0.667174
130556 0.667174
130557 0.666998
130558 0.666998
130559 0.666998
130560 0.575957
130561 0.575957
130562 0.575957
130563 0.575957
130564 0.666642
130565 0.666642
130566 0.666642
130567 0.668725
130568 0.668725
130569 0.668725
130570 0.871604
130571 0.871604
130572 0.871604
130573 0.871604
130574 0.667103
130575 0.667103
130576 0.667103
130577 0.652467
130579 0.652467
130580 0.652467
130581 0.652467
130582 0.652467
130584 0.610665
130586 0.610665
130587 0.610665
130588 0.610665
130589 0.610665
130590 0.788486
130591 0.788486
130592 0.788486
130593 0.623001
130594 0.623001
130595 0.623001
130596 0.623001
130597 0.623001
130598 0.667343
130599 0.667343
130600 0.667343
130601 0.667054
130602 0.667054
130603 0.667054
130604 0.720586
130605 0.720586
130606 0.720586
130607 0.607616
130608 0.607616
130609 0.607616
130610 0.607616
130612 0.607616
130613 0.607616
130614 0.607616
130615 0.692071
130616 0.692071
130617 0.692071
130618 0.692071
130619 0.692071
130620 0.622705
130621 0.622705
130622 0.622705
130623 0.622705
130624 0.622705
130625 0.622705
130626 0.622705
130627 0.622705
130628 0.667200
130629 0.667200
130630 0.667200
130631 0.667059
130632 0.667059
130633 0.667059
130634 0.667083
130635 0.667083
130636 0.667083
130637 0.667103
130638 0.667103
130639 0.667103
130640 0.631896
130641 0.631896
130642 0.631896
130643 0.631896
130644 0.871202
130645 0.871202
130646 0.871202
130647 0.871202
130648 0.615952
130649 0.615952
130650 0.615952
130651 0.615952
130657 0.588298
130658 0.588298
130659 0.588298
130660 0.588298
130661 0.588298
130662 0.588298
130663 0.893990
130664 0.893990
130665 0.893990
130666 0.893990
130667 0.893990
130668 0.893990
130669 0.669309
130670 0.669309
130671 0.669309
130672 0.644837
130676 0.644837
130677 0.644837
130678 0.644837
130679 0.644837
130680 0.644837
130681 0.667085
130682 0.667085
130683 0.667085
130684 0.667091
130685 0.667091
130686 0.667091
130687 0.667091
130688 0.667091
130689 0.667091
130690 0.667188
130691 0.667188
130692 0.667188
130693 0.667012
130694 0.667012
130695 0.667012
130696 0.667002
130697 0.667002
130698 0.667002
130699 0.667136
130700 0.667136
130701 0.667136
130702 0.677230
130703 0.677230
130704 0.677230
130705 0.677230
130709 0.677230
130710 0.677230
130711 0.667042
130712 0.667042
130713 0.667042
130714 0.669802
130715 0.669802
130716 0.669802
130717 0.655745
130718 0.655745
130719 0.655745
130720 0.655745
130721 0.703027
130722 0.703027
130723 0.703027
130724 0.667186
130725 0.667186
130726 0.667186
130727 0.667124
130728 0.667124
130729 0.667124
130730 0.612802
130735 0.612802
130736 0.612802
130737 0.612802
130738 0.612802
130739 0.667059
130740 0.667059
130741 0.667059
130742 0.667125
130743 0.667125
130744 0.667125
130745 0.768243
130746 0.768243
130747 0.768243
130753 0.603792
130754 0.603792
130755 0.603792
130756 0.603792
130757 0.603792
130758 0.667197
130759 0.667197
130760 0.667197
130761 0.667087
130762 0.667087
130763 0.667087
130764 0.667087
130765 0.667087
130766 0.667087
130767 0.667768
130768 0.667768
130769 0.667768
130770 0.558922
130771 0.558922
130773 0.558922
130774 0.558922
130775 0.558922
130776 0.558922
130777 0.558922
130779 0.558922
130780 0.558922
130781 0.667094
130782 0.667094
130783 0.667094
130784 0.667033
130785 0.667033
130786 0.667033
130787 0.666996
130788 0.666996
130789 0.666996
130790 1.000000
130791 1.000000
130792 0.626439
130793 0.626439
130794 0.626439
130795 0.626439
130796 0.667073
130797 0.667073
130798 0.667073
130799 0.671384
130800 0.671384
130801 0.671384
130802 0.574923
130804 0.574923
130805 0.574923
130806 0.574923
130807 0.667031
130808 0.667031
130809 0.667031
130810 0.667161
130811 0.667161
130812 0.667161
130813 0.666677
130814 0.666677
130815 0.666677
130816 0.667099
130817 0.667099
130818 0.667099
130819 0.875334
130824 0.875334
130828 0.875334
130829 0.875334
130830 0.875334
130831 0.875334
130832 0.875334
130833 0.615891
130834 0.615891
130835 0.615891
130836 0.615891
130837 0.667136
130838 0.667136
130839 0.667136
130840 0.667113
130841 0.667113
130842 0.667113
130843 0.667021
130844 0.667021
130845 0.667021
130846 0.672179
130847 0.672179
130848 0.672179
130849 0.561797
130850 0.561797
130853 0.561797
130854 0.561797
130855 0.709916
130856 0.709916
130857 0.709916
130858 0.830781
130859 0.830781
130860 0.830781
130861 0.830781
130862 0.672553
130863 0.672553
130864 0.672553
130865 0.661958
130866 0.661958
130867 0.661958
130868 0.661958
130869 0.662335
130870 0.662335
130871 0.662335
130872 0.662335
130873 0.667189
130874 0.667189
130875 0.667189
130876 0.667118
130877 0.667118
130878 0.667118
130879 0.716282
130880 0.716282
130886 0.716282
130887 0.716282
130888 0.716282
130889 0.666713
130890 0.666713
130891 0.666713
130892 0.506205
130893 0.506205
130894 0.506205
130895 0.506205
130896 0.667157
130897 0.667157
130898 0.667157
130899 0.667096
130900 0.667096
130901 0.667096
130902 0.849865
130903 0.849865
130904 0.849865
130906 0.849865
130907 0.849865
130908 0.666704
130909 0.666704
130910 0.666704
130911 0.667050
130912 0.667050
130913 0.667050
130914 0.667087
130915 0.667087
130916 0.667087
130917 0.667085
130918 0.667085
130919 0.667085
130920 0.666656
130921 0.666656
130922 0.666656
130923 0.667096
130924 0.667096
130925 0.667096
130926 0.666986
130927 0.666986
130928 0.666986
130929 0.667136
130930 0.667136
130931 0.667136
130932 0.666617
130933 0.666617
130934 0.666617
130935 0.667109
130936 0.667109
130937 0.667109
130938 0.672536
130939 0.672536
130940 0.672536
130941 0.667301
130942 0.667301
130943 0.667301
130944 0.667377
130945 0.667377
130946 0.667377
130947 0.667231
130948 0.667231
130949 0.667231
130950 0.667151
130951 0.667151
130952 0.667151
130953 0.666947
130954 0.666947
130955 0.666947
130956 0.657260
130957 0.657260
130958 0.657260
130959 0.657260
130960 0.657260
130961 0.657260
130962 0.671604
130964 0.671604
130965 0.671604
130966 0.666581
130967 0.666581
130968 0.666581
130969 0.667160
130970 0.667160
130971 0.667160
130972 0.572618
130977 0.572618
130978 0.572618
130979 0.572618
130980 0.572618
130981 0.572618
130982 0.672323
130983 0.672323
130984 0.672323
130985 0.755770
130986 0.755770
130987 0.755770
130988 0.755770
130992 0.755770
130993 0.755770
130998 0.845175
130999 0.845175
131000 0.845175
131001 0.845175
131002 0.845175
131003 0.667135
131004 0.667135
131005 0.667135
131006 0.666848
131007 0.666848
131008 0.666848
131009 0.667249
131010 0.667249
131011 0.667249
131012 0.667237
131013 0.667237
131014 0.667237
131015 0.667208
131016 0.667208
131017 0.667208
131018 0.608797
131019 0.608797
131020 0.608797
131021 0.608797
131022 0.608797
131023 0.667251
131024 0.667251
131025 0.667251
131026 0.666855
131027 0.666855
131028 0.666855
131030 0.667090
131031 0.667090
131032 0.667090
131033 0.667239
131034 0.667239
131035 0.667239
131036 0.667253
131037 0.667253
131038 0.667253
131039 0.666840
131040 0.666840
131041 0.666840
131042 0.667197
131043 0.667197
131044 0.667197
131045 0.680796
131050 0.680796
131051 0.680796
131052 0.680796
131053 0.666735
131054 0.666735
131055 0.666735
131056 0.666735
131057 0.629827
131058 0.629827
131059 0.629827
131060 0.629827
131061 0.667314
131062 0.667314
131063 0.667314
131064 0.666793
131065 0.666793
131066 0.666793
131067 0.667191
131068 0.667191
131069 0.667191
131070 0.667264
131071 0.667264
131072 0.667264
131073 0.819227
131080 0.819227
131081 0.819227
131082 0.819227
131083 0.666840
131084 0.666840
131085 0.666840
131086 0.677416
131087 0.677416
131088 0.677416
131089 0.667293
131090 0.667293
131091 0.667293
131092 0.667291
131093 0.667291
131094 0.667291
131095 0.543942
131096 0.543942
131097 0.543942
131098 0.543942
131099 0.543942
131100 0.666783
131101 0.666783
131102 0.666783
131103 0.667288
131104 0.667288
131105 0.667288
131106 0.667189
131107 0.667189
131108 0.667189
131109 0.667258
131110 0.667258
131111 0.667258
131112 0.666928
131113 0.666928
131114 0.666928
131115 0.667152
131116 0.667152
131117 0.667152
131118 0.667224
131119 0.667224
131120 0.667224
131121 0.667225
131122 0.667225
131123 0.667225
131124 0.666866
131125 0.666866
131126 0.666866
131127 0.717753
131128 0.717753
131129 0.717753
131130 0.592488
131131 0.592488
131133 0.592488
131134 0.592488
131135 0.592488
131136 0.592488
131137 0.667102
131138 0.667102
131139 0.667102
131140 0.667260
131141 0.667260
131142 0.667260
131143 0.666878
131144 0.666878
131145 0.666878
131146 0.745244
131147 0.745244
131154 0.745244
131156 0.745244
131157 0.745244
131158 0.745244
131159 0.745244
131160 0.745244
131161 0.745244
131162 0.745244
131163 0.666853
131164 0.666853
131165 0.666853
131166 0.667222
131167 0.667222
131168 0.667222
131169 0.667253
131170 0.667253
131171 0.667253
131173 0.676130
131174 0.676130
131175 0.676130
131176 0.667244
131177 0.667244
131178 0.667244
131179 0.667294
131180 0.667294
131181 0.667294
131182 0.765299
131183 0.765299
131184 0.765299
131185 0.672459
131190 0.672459
131191 0.672459
131192 0.672459
131193 0.672459
131194 0.672459
131195 0.672459
131196 0.666851
131197 0.666851
131198 0.666851
131199 0.667267
131200 0.667267
131201 0.667267
131202 0.667215
131203 0.667215
131204 0.667215
131205 0.667286
131206 0.667286
131207 0.667286
131208 0.746320
131209 0.746320
131210 0.746320
131211 0.746320
131212 0.746320
131213 0.667123
131214 0.667123
131215 0.667123
131216 0.667273
131217 0.667273
131218 0.667273
131219 0.667106
131220 0.667106
131221 0.667106
131222 0.544675
131223 0.544675
131224 0.544675
131225 0.544675
131226 0.667216
131227 0.667216
131228 0.667216
131229 0.666855
131230 0.666855
131231 0.666855
131232 0.667128
131233 0.667128
131234 0.667128
131235 0.667151
131236 0.667151
131237 0.667151
131238 0.667118
131239 0.667118
131240 0.667118
131241 0.648588
131242 0.648588
131243 0.648588
131244 0.648588
131245 0.657230
131246 0.657230
131248 0.657230
131249 0.657230
131250 0.657230
131251 0.667252
131252 0.667252
131253 0.667252
131254 0.681005
131255 0.681005
131256 0.681005
131257 0.681005
131258 0.939089
131259 0.939089
131260 0.939089
131262 0.636336
131263 0.636336
131264 0.636336
131265 0.636336
131266 0.666860
131267 0.666860
131268 0.666860
131269 0.667255
131270 0.667255
131271 0.667255
131272 0.667108
131273 0.667108
131274 0.667108
131275 0.667187
131276 0.667187
131277 0.667187
131278 0.666800
131279 0.666800
131280 0.666800
131281 0.667191
131282 0.667191
131283 0.667191
131284 0.667248
131285 0.667248
131286 0.667248
131287 0.667171
131288 0.667171
131289 0.667171
131290 0.666771
131291 0.666771
131292 0.666771
131293 0.670698
131294 0.670698
131295 0.670698
131296 0.636071
131297 0.636071
131298 0.636071
131299 0.636071
131300 0.636071
131301 0.667164
131302 0.667164
131303 0.667164
131304 0.670781
131305 0.670781
131306 0.670781
131307 0.639221
131308 0.639221
131309 0.639221
131310 0.639221
131311 0.667203
131312 0.667203
131313 0.667203
131314 0.667242
131315 0.667242
131316 0.667242
131317 0.666735
131318 0.666735
131319 0.666735
131320 0.726311
131321 0.726311
131322 0.726311
131323 0.667319
131324 0.667319
131325 0.667319
131326 0.710177
131327 0.710177
131328 0.710177
131330 0.710177
131331 0.710177
131332 0.667224
131333 0.667224
131334 0.667224
131335 0.546687
131340 0.546687
131341 0.546687
131342 0.546687
131343 0.546687
131344 0.546687
131345 0.546687
131346 0.672780
131347 0.672780
131348 0.672780
131349 0.666777
131350 0.666777
131351 0.666777
131352 0.667166
131353 0.667166
131354 0.667166
131355 0.667260
131356 0.667260
131357 0.667260
131358 0.667222
131359 0.667222
131360 0.667222
131361 0.669859
131362 0.669859
131363 0.669859
131364 0.846877
131365 0.846877
131368 0.846877
131369 0.846877
131370 0.846877
131371 0.640363
131372 0.640363
131373 0.640363
131374 0.640363
131375 0.667253
131376 0.667253
131377 0.667253
131378 0.667226
131379 0.667226
131380 0.667226
131381 0.666773
131382 0.666773
131383 0.666773
131384 0.667229
131385 0.667229
131386 0.667229
131387 0.670055
131388 0.670055
131389 0.670055
131390 0.606973
131391 0.606973
131392 0.606973
131393 0.606973
131394 0.606973
131395 0.606973
131396 0.661941
131397 0.661941
131398 0.661941
131399 0.661941
131400 0.667157
131401 0.667157
131402 0.667157
131403 0.667250
131404 0.667250
131405 0.667250
131406 0.666761
131407 0.666761
131408 0.666761
131409 0.676976
131410 0.676976
131411 0.676976
131412 0.676976
131413 0.676976
131414 0.666767
131415 0.666767
131416 0.666767
131417 0.667176
131418 0.667176
131419 0.667176
131420 0.667225
131421 0.667225
131422 0.667225
131423 0.667137
131424 0.667137
131425 0.667137
131426 0.666869
131427 0.666869
131428 0.666869
131429 0.667174
131430 0.667174
131431 0.667174
131432 0.623139
131433 0.623139
131434 0.623139
131435 0.623139
131436 0.666875
131437 0.666875
131438 0.666875
131439 0.667204
131440 0.667204
131441 0.667204
131442 0.667320
131443 0.667320
131444 0.667320
131445 0.667334
131446 0.667334
131447 0.667334
131448 0.666706
131449 0.666706
131450 0.666706
131451 0.667320
131452 0.667320
131453 0.667320
131454 0.667132
131455 0.667132
131456 0.667132
131457 0.667301
131458 0.667301
131459 0.667301
131460 0.666874
131461 0.666874
131462 0.666874
131463 0.721951
131464 0.721951
131466 0.721951
131467 0.721951
131468 0.721951
131469 0.858075
131470 0.858075
131471 0.858075
131472 0.858075
131473 0.667347
131474 0.667347
131475 0.667347
131476 0.591911
131477 0.591911
131478 0.591911
131479 0.591911
131480 0.591911
131481 0.591911
131482 0.670000
131483 0.670000
131484 0.670000
131485 0.657443
131486 0.657443
131487 0.657443
131488 0.657443
131489 0.657443
131490 0.606002
131491 0.606002
131496 0.606002
131497 0.606002
131500 0.606002
131501 0.606002
131502 0.666713
131503 0.666713
131504 0.666713
131505 0.667196
131506 0.667196
131507 0.667196
131508 0.667164
131509 0.667164
131510 0.667164
131511 0.667255
131512 0.667255
131513 0.667255
131514 0.666792
131515 0.666792
131516 0.666792
131517 0.667319
131518 0.667319
131519 0.667319
131520 0.667245
131521 0.667245
131522 0.667245
131523 0.667411
131524 0.667411
131525 0.667411
131526 0.666907
131527 0.666907
131528 0.666907
131529 0.677678
131530 0.677678
131531 0.677678
131532 0.652088
131533 0.652088
131534 0.652088
131535 0.652088
131536 0.652088
131537 0.667307
131538 0.667307
131539 0.667307
131540 0.886585
131541 0.886585
131543 0.886585
131544 0.886585
131545 0.685878
131546 0.685878
131547 0.685878
131548 0.602164
131549 0.602164
131550 0.602164
131556 0.602164
131557 0.602164
131558 0.602164
131559 0.602164
131560 0.602164
131561 0.667268
131562 0.667268
131563 0.667268
131564 0.667230
131565 0.667230
131566 0.667230
131567 0.666809
131568 0.666809
131569 0.666809
131570 0.685776
131571 0.685776
131572 0.685776
131573 0.664950
131574 0.664950
131575 0.664950
131576 0.664950
131577 0.664950
131578 0.664950
131579 0.666848
131580 0.666848
131581 0.666848
131582 0.667261
131583 0.667261
131584 0.667261
131585 0.678856
131586 0.678856
131587 0.678856
131588 0.678856
131589 0.678856
131590 0.648645
131591 0.648645
131592 0.648645
131593 0.648645
131594 0.597876
131595 0.597876
131596 0.597876
131597 0.597876
131598 0.597876
131599 0.597876
131600 0.597876
131601 0.666757
131602 0.666757
131603 0.666757
131604 0.667285
131605 0.667285
131606 0.667285
131607 0.667228
131608 0.667228
131609 0.667228
131610 0.672155
131611 0.672155
131612 0.672155
131613 0.799514
131614 0.799514
131615 0.799514
131620 0.667274
131621 0.667274
131622 0.667274
131623 0.667262
131624 0.667262
131625 0.667262
131626 0.667222
131627 0.667222
131628 0.667222
131629 0.689200
131630 0.689200
131631 0.689200
131632 0.638436
131633 0.638436
131634 0.638436
131635 0.638436
131636 0.667180
131637 0.667180
131638 0.667180
131639 0.667283
131640 0.667283
131642 0.667283
131643 0.666949
131644 0.666949
131645 0.666949
131646 0.667147
131647 0.667147
131648 0.667147
131649 0.667169
131650 0.667169
131651 0.667169
131652 0.667231
131653 0.667231
131654 0.667231
131655 0.666868
131656 0.666868
131657 0.666868
131658 0.649686
131659 0.649686
131660 0.649686
131661 0.649686
131662 0.649686
131663 0.649686
131664 0.649686
131665 0.649686
131666 0.667168
131667 0.667168
131668 0.667168
131669 0.666746
131670 0.666746
131671 0.666746
131672 0.667215
131673 0.667215
131674 0.667215
131675 0.688482
131676 0.688482
131677 0.688482
131678 0.666749
131679 0.666749
131680 0.666749
131682 0.666923
131683 0.666923
131684 0.666923
131685 0.666835
131686 0.666835
131687 0.666835
131688 0.666767
131689 0.666767
131690 0.666767
131691 0.666857
131692 0.666857
131693 0.666857
131694 0.667006
131695 0.667006
131696 0.667006
131697 0.671732
131698 0.671732
131699 0.671732
131700 0.592567
131708 0.592567
131709 0.592567
131710 0.592567
131711 0.592567
131712 0.666973
131713 0.666973
131714 0.666973
131715 0.714809
131716 0.714809
131717 0.714809
131718 0.714809
131719 0.714809
131720 0.666892
131721 0.666892
131722 0.666892
131723 0.666970
131724 0.666970
131725 0.666970
131726 0.666956
131727 0.666956
131728 0.666956
131729 0.665691
131730 0.665691
131739 0.665691
131740 0.665691
131741 0.666870
131742 0.666870
131743 0.666870
131744 0.799664
131745 0.799664
131746 0.799664
131747 0.666901
131748 0.666901
131749 0.666901
131750 0.666967
131751 0.666967
131752 0.666967
131753 0.666976
131754 0.666976
131755 0.666976
131756 0.666985
131757 0.666985
131758 0.666985
131759 0.611428
131760 0.611428
131761 0.611428
131762 0.611428
131763 0.632166
131764 0.632166
131765 0.632166
131767 0.632166
131768 0.666972
131769 0.666972
131774 0.666972
131775 0.841126
131776 0.841126
131777 0.841126
131778 0.666864
131779 0.666864
131780 0.666864
131781 0.667020
131782 0.667020
131783 0.667020
131784 0.710649
131785 0.710649
131786 0.710649
131787 0.710649
131801 0.710649
131803 0.710649
131804 0.710649
131809 0.627907
131810 0.627907
131811 0.627907
131812 0.627907
131813 0.627907
131817 0.627907
131818 0.627907
131819 0.627907
131820 0.627907
131821 0.627907
131822 0.627907
131823 0.652550
131824 0.652550
131825 0.652550
131829 0.652550
131830 0.652550
131832 0.652550
131833 0.652550
131834 0.652550
131842 0.739825
131843 0.739825
131844 0.739825
131845 0.739825
131846 0.739825
131847 0.666886
131848 0.666886
131849 0.666886
131850 0.666831
131851 0.666831
131852 0.666831
131853 0.666891
131854 0.666891
131855 0.666891
131856 0.666926
131857 0.666926
131858 0.666926
131859 0.666961
131860 0.666961
131861 0.666961
131862 0.667016
131863 0.667016
131864 0.667016
131865 0.667032
131866 0.667032
131867 0.667032
131868 0.666901
131869 0.666901
131870 0.666901
131871 0.604022
131872 0.604022
131876 0.604022
131877 0.604022
131878 0.604022
131879 0.816605
131885 0.816605
131887 0.816605
131895 0.816605
131896 0.816605
131897 0.816605
131898 0.816605
131900 0.661797
131901 0.661797
131902 0.661797
131903 0.661797
131904 0.546336
131905 0.546336
131906 0.546336
131907 0.546336
131908 0.546336
131909 0.546336
131910 0.546336
131911 0.666938
131912 0.666938
131913 0.666938
131914 0.667008
131915 0.667008
131916 0.667008
131917 0.667029
131918 0.667029
131919 0.667029
131920 0.667036
131921 0.667036
131922 0.667036
131923 0.666918
131924 0.666918
131925 0.666918
131926 0.666984
131927 0.666984
131928 0.666984
131929 0.667017
131930 0.667017
131931 0.667017
131932 0.666962
131933 0.666962
131934 0.666962
131935 0.666874
131936 0.666874
131937 0.666874
131938 0.666943
131939 0.666943
131940 0.666943
131941 0.666987
131942 0.666987
131943 0.666987
131944 0.666938
131945 0.666938
131946 0.666938
131947 0.666873
131948 0.666873
131949 0.666873
131950 0.667025
131951 0.667025
131952 0.667025
131953 0.666880
131954 0.666880
131955 0.666880
131956 0.667012
131957 0.667012
131958 0.667012
131959 0.666905
131960 0.666905
131961 0.666905
131962 0.666987
131963 0.666987
131964 0.666987
131965 0.855721
131966 0.855721
131967 0.855721
131968 0.855721
131969 0.855721
131970 0.587501
131971 0.587501
131972 0.587501
131973 0.587501
131974 0.587501
131975 0.853628
131976 0.853628
131981 0.853628
131982 0.853628
131983 0.853628
131984 0.853628
131985 0.853628
