129004 0.673505
129005 0.673505
129006 0.673505
129007 0.673564
129008 0.673564
129009 0.673564
129010 0.673591
129011 0.673591
129012 0.673591
129013 0.646774
129014 0.646774
129016 0.646774
129017 0.646774
129018 0.646774
129019 0.646774
129020 0.673554
129021 0.673554
129022 0.673554
129023 0.673608
129024 0.673608
129025 0.673608
129026 0.673367
129027 0.673367
129028 0.673367
129029 0.606570
129030 0.606570
129031 0.606570
129032 0.606570
129033 0.606570
129034 0.673623
129035 0.673623
129036 0.673623
129037 0.673620
129038 0.673620
129039 0.673620
129040 0.673300
129041 0.673300
129042 0.673300
129043 0.673608
129044 0.673608
129045 0.673608
129046 0.673510
129047 0.673510
129048 0.673510
129049 0.673593
129050 0.673593
129051 0.673593
129052 0.673816
129053 0.673816
129054 0.673816
129055 0.764009
129056 0.764009
129057 0.764009
129058 0.764009
129059 0.669439
129060 0.669439
129061 0.669439
129062 0.669439
129063 0.557231
129064 0.557231
129065 0.557231
129066 0.557231
129067 0.557231
129068 0.557231
129069 0.776851
129070 0.776851
129071 0.776851
129072 0.776851
129073 0.778345
129074 0.778345
129076 0.778345
129077 0.778345
129078 0.692884
129079 0.692884
129080 0.692884
129081 0.692884
129082 0.692884
129083 0.513526
129084 0.513526
129085 0.513526
129086 0.513526
129087 0.513526
129088 0.513526
129089 0.673578
129090 0.673578
129091 0.673578
129092 0.964608
129093 0.964608
129094 0.964608
129095 0.596813
129096 0.596813
129097 0.596813
129098 0.596813
129099 0.596813
129101 0.663894
129102 0.663894
129103 0.663894
129104 0.663894
129105 0.663894
129106 0.673526
129107 0.673526
129108 0.673526
129109 0.673539
129110 0.673539
129111 0.673539
129112 0.673228
129113 0.673228
129114 0.673228
129115 0.673567
129116 0.673567
129117 0.673567
129118 0.673646
129120 0.673646
129121 0.673646
129122 0.634127
129123 0.634127
129124 0.634127
129130 0.634127
129131 0.634127
129132 0.673488
129133 0.673488
129134 0.673488
129135 0.719530
129136 0.719530
129137 0.719530
129138 0.673589
129139 0.673589
129140 0.673589
129141 0.673263
129142 0.673263
129143 0.673263
129144 0.673607
129145 0.673607
129146 0.673607
129147 0.934777
129148 0.934777
129149 0.934777
129150 0.632642
129152 0.632642
129153 0.632642
129154 0.632642
129155 0.632642
129156 0.673540
129157 0.673540
129158 0.673540
129159 0.673619
129160 0.673619
129161 0.673619
129162 0.673221
129163 0.673221
129164 0.673221
129165 0.673582
129166 0.673582
129167 0.673582
129168 0.673765
129169 0.673765
129170 0.673765
129171 0.673744
129172 0.673744
129173 0.673744
129174 0.673458
129175 0.673458
129176 0.673458
129185 0.651397
129186 0.651397
129187 0.651397
129188 0.651397
129189 0.651397
129190 0.651397
129191 0.651397
129193 0.673559
129194 0.673559
129195 0.673559
129196 0.673714
129198 0.673714
129199 0.673714
129200 0.673736
129201 0.673736
129203 0.673736
129204 0.673536
129205 0.673536
129206 0.673536
129210 0.673774
129211 0.673774
129212 0.673774
129213 0.656704
129214 0.656704
129215 0.656704
129216 0.656704
129217 0.656704
129218 0.673619
129219 0.673619
129220 0.673619
129221 0.673605
129222 0.673605
129226 0.673605
129227 0.673215
129228 0.673215
129229 0.673215
129230 0.673605
129231 0.673605
129232 0.673605
129233 0.673552
129234 0.673552
129235 0.673552
129236 0.673526
129237 0.673526
129238 0.673526
129239 0.673237
129240 0.673237
129241 0.673237
129242 0.674459
129246 0.674459
129247 0.674459
129248 0.747709
129249 0.747709
129250 0.747709
129251 0.747709
129252 0.747709
129253 0.673603
129254 0.673603
129255 0.673603
129256 0.673251
129257 0.673251
129258 0.673251
129259 0.673693
129260 0.673693
129261 0.673693
129262 0.674343
129263 0.674343
129264 0.674343
129265 0.673856
129266 0.673856
129267 0.673856
129269 0.567719
129270 0.567719
129271 0.567719
129272 0.567719
129273 0.567719
129274 0.567719
129275 0.673801
129276 0.673801
129277 0.673801
129278 0.673544
129279 0.673544
129280 0.673544
129281 0.673252
129282 0.673252
129283 0.673252
129284 0.673556
129285 0.673556
129286 0.673556
129287 0.673608
129288 0.673608
129289 0.673608
129290 0.673827
129291 0.673827
129292 0.673827
129293 0.673263
129294 0.673263
129295 0.673263
129296 0.673527
129297 0.673527
129298 0.673527
129299 0.673581
129300 0.673581
129301 0.673581
129302 0.673762
129303 0.673762
129304 0.673762
129305 0.673069
129306 0.673069
129307 0.673069
129308 0.837467
129309 0.837467
129311 0.837467
129312 0.674233
129313 0.674233
129315 0.674233
129316 0.673198
129317 0.673198
129318 0.673198
129319 0.673555
129320 0.673555
129321 0.673555
129322 0.673563
129323 0.673563
129324 0.673563
129325 0.673447
129326 0.673447
129327 0.673447
129328 0.673224
129329 0.673224
129330 0.673224
129331 0.673552
129332 0.673552
129333 0.673552
129334 0.651689
129335 0.651689
129336 0.651689
129337 0.651689
129338 0.651689
129339 0.673533
129340 0.673533
129341 0.673533
129342 0.673246
129343 0.673246
129344 0.673246
129345 0.673513
129346 0.673513
129347 0.673513
129348 0.673585
129349 0.673585
129350 0.673585
129351 0.673578
129352 0.673578
129353 0.673578
129354 0.673238
129355 0.673238
129356 0.673238
129357 0.673553
129358 0.673553
129359 0.673553
129360 0.673578
129361 0.673578
129362 0.673578
129363 0.673810
129364 0.673810
129365 0.673810
129368 0.598967
129370 0.598967
129372 0.598967
129373 0.598967
129374 0.598967
129375 0.598967
129376 0.673418
129377 0.673418
129378 0.673418
129379 0.673551
129380 0.673551
129382 0.673551
129383 0.673500
129384 0.673500
129385 0.673500
129386 0.673388
129387 0.673388
129388 0.673388
129389 0.673540
129390 0.673540
129391 0.673540
129392 0.864875
129393 0.864875
129395 0.864875
129396 0.864875
129397 0.703821
129398 0.703821
129399 0.703821
129400 0.673578
129401 0.673578
129402 0.673578
129403 0.673174
129404 0.673174
129405 0.673174
129406 0.673554
129407 0.673554
129408 0.673554
129409 0.673512
129410 0.673512
129411 0.673512
129412 0.673529
129413 0.673529
129414 0.673529
129415 0.673224
129416 0.673224
129417 0.673224
129419 0.673725
129420 0.673725
129421 0.673725
129422 0.673525
129423 0.673525
129424 0.673525
129425 0.673461
129426 0.673461
129427 0.673461
129428 0.673198
129429 0.673198
129430 0.673198
129431 0.673633
129432 0.673633
129433 0.673633
129434 0.566629
129435 0.566629
129436 0.566629
129442 0.566629
129444 0.566629
129445 0.566629
129447 0.566629
129448 0.673186
129449 0.673186
129450 0.673186
129451 0.673541
129452 0.673541
129453 0.673541
129454 0.673795
129455 0.673795
129456 0.673795
129457 0.863648
129458 0.863648
129459 0.863648
129460 0.863648
129461 0.673462
129462 0.673462
129463 0.673462
129464 0.673068
129465 0.673068
129466 0.673068
129467 0.673458
129468 0.673458
129469 0.673458
129470 0.673560
129471 0.673560
129472 0.673560
129473 0.673408
129474 0.673408
129475 0.673408
129476 0.673687
129477 0.673687
129478 0.673687
129479 0.673604
129480 0.673604
129481 0.673604
129482 0.673237
129483 0.673237
129484 0.673237
129493 0.668734
129494 0.668734
129495 0.668734
129496 0.668734
129497 0.673565
129498 0.673565
129499 0.673565
129500 0.673481
129501 0.673481
129502 0.673481
129503 0.673185
129504 0.673185
129505 0.673185
129506 0.673557
129507 0.673557
129508 0.673557
129509 0.673567
129510 0.673567
129511 0.673567
129512 0.673564
129513 0.673564
129514 0.673564
129515 0.668580
129516 0.668580
129517 0.668580
129518 0.668580
129519 0.629248
129523 0.629248
129525 0.629248
129526 0.629248
129527 0.673493
129528 0.673493
129529 0.673493
129530 0.673273
129531 0.673273
129532 0.673273
129533 0.673526
129534 0.673526
129535 0.673526
129536 0.673529
129537 0.673529
129538 0.673529
129539 0.673486
129540 0.673486
129541 0.673486
129542 0.673162
129543 0.673162
129544 0.673162
129545 0.673671
129546 0.673671
129547 0.673671
129548 0.673776
129549 0.673776
129550 0.673776
129551 0.813031
129552 0.813031
129553 0.813031
129558 0.641679
129559 0.641679
129560 0.641679
129561 0.641679
129562 0.641679
129563 0.720531
129564 0.720531
129565 0.720531
129571 0.666946
129573 0.666946
129574 0.666946
129575 0.666946
129576 0.674197
129577 0.674197
129579 0.674197
129580 0.673198
129581 0.673198
129582 0.673198
129583 0.673552
129584 0.673552
129585 0.673552
129586 0.673830
129587 0.673830
129588 0.673830
129589 0.673541
129590 0.673541
129591 0.673541
129592 0.673250
129593 0.673250
129594 0.673250
129595 0.626487
129597 0.626487
129598 0.626487
129599 0.626487
129600 0.673538
129601 0.673538
129602 0.673538
129603 0.564242
129604 0.564242
129605 0.564242
129606 0.564242
129608 0.564242
129609 0.564242
129610 0.564242
129611 0.673565
129612 0.673565
129613 0.673565
129614 0.673579
129615 0.673579
129616 0.673579
129617 0.673541
129618 0.673541
129619 0.673541
129620 0.872004
129621 0.872004
129626 0.872004
129627 0.872004
129628 0.872004
129629 0.673545
129630 0.673545
129631 0.673545
129632 0.673438
129633 0.673438
129634 0.673438
129635 0.673552
129636 0.673552
129637 0.673552
129638 0.635187
129639 0.635187
129640 0.635187
129641 0.635187
129642 0.673578
129643 0.673578
129644 0.673578
129645 0.673224
129646 0.673224
129647 0.673224
129648 0.673526
129649 0.673526
129650 0.673526
129651 0.673788
129652 0.673788
129653 0.673788
129654 0.673776
129655 0.673776
129656 0.673776
129657 0.673251
129658 0.673251
129659 0.673251
129660 0.673569
129661 0.673569
129662 0.673569
129663 0.673514
129664 0.673514
129665 0.673514
129666 0.610754
129667 0.610754
129668 0.610754
129674 0.610754
129675 0.610754
129676 0.610754
129677 0.673594
129678 0.673594
129679 0.673594
129680 0.673555
129681 0.673555
129682 0.673555
129683 0.673584
129684 0.673584
129685 0.673584
129686 0.673202
129687 0.673202
129688 0.673202
129689 0.673529
129690 0.673529
129691 0.673529
129692 0.862078
129693 0.862078
129694 0.862078
129695 0.845701
129696 0.845701
129697 0.845701
129698 0.673487
129699 0.673487
129700 0.673487
129701 0.673524
129702 0.673524
129703 0.673524
129704 0.673580
129705 0.673580
129706 0.673580
129707 0.673242
129708 0.673242
129709 0.673242
129710 0.669173
129711 0.669173
129712 0.669173
129713 0.669173
129714 0.673395
129715 0.673395
129716 0.673395
129717 0.658075
129718 0.658075
129719 0.658075
129723 0.658075
129724 0.658075
129725 0.658075
129731 0.658075
129732 0.658075
129733 0.658075
129734 0.674102
129735 0.674102
129736 0.674102
129737 0.673229
129738 0.673229
129739 0.673229
129740 0.774768
129747 0.774768
129748 0.774768
129749 0.774768
129750 0.774768
129751 0.673263
129752 0.673263
129753 0.673263
129754 0.673507
129755 0.673507
129756 0.673507
129757 0.673555
129758 0.673555
129759 0.673555
129760 0.669012
129761 0.669012
129762 0.669012
129768 0.669012
129769 0.669012
129773 0.590848
129774 0.590848
129775 0.590848
129776 0.590848
129777 0.590848
129778 0.590848
129779 0.674494
129780 0.674494
129782 0.674494
129786 0.668888
129787 0.668888
129788 0.668888
129789 0.668888
129790 0.673645
129791 0.673645
129792 0.673645
129793 0.673807
129794 0.673807
129795 0.673807
129796 0.673110
129797 0.673110
129798 0.673110
129799 0.673592
129800 0.673592
129801 0.673592
129802 0.673593
129803 0.673593
129804 0.673593
129805 0.673565
129806 0.673565
129807 0.673565
129808 0.779646
129809 0.779646
129810 0.779646
129815 0.593667
129816 0.593667
129817 0.593667
129819 0.593667
129820 0.593667
129821 0.593667
129822 0.647799
129823 0.647799
129825 0.647799
129826 0.647799
129827 0.647799
129828 0.647799
129829 0.647799
129830 0.641789
129831 0.641789
129832 0.641789
129833 0.641789
129834 0.906349
129835 0.906349
129836 0.906349
129837 0.673647
129838 0.673647
129839 0.673647
129840 0.563283
129841 0.563283
129842 0.563283
129848 0.563283
129849 0.563283
129850 0.563283
129851 0.563283
129852 0.563283
129853 0.673622
129854 0.673622
129855 0.673622
129856 0.673343
129857 0.673343
129858 0.673343
129859 0.674097
129860 0.674097
129861 0.674097
129862 0.673514
129863 0.673514
129864 0.673514
129865 0.673427
129866 0.673427
129867 0.673427
129868 0.861454
129869 0.861454
129870 0.861454
129871 0.861454
129873 0.661649
129874 0.661649
129875 0.661649
129876 0.661649
129877 0.673446
129878 0.673446
129879 0.673446
129880 0.673210
129881 0.673210
129882 0.673210
129883 0.673527
129884 0.673527
129885 0.673527
129886 0.673502
129887 0.673502
129888 0.673502
129889 0.673643
129890 0.673643
129892 0.673643
129893 0.673238
129894 0.673238
129895 0.673238
129896 0.673529
129897 0.673529
129898 0.673529
129899 0.668891
129901 0.668891
129902 0.668891
129903 0.668891
129904 0.655989
129905 0.655989
129906 0.655989
129907 0.655989
129908 0.592889
129909 0.592889
129912 0.592889
129913 0.592889
129914 0.592889
129915 0.592889
129916 0.857920
129917 0.857920
129918 0.857920
129920 0.673646
129921 0.673646
129922 0.673646
129923 0.673549
129924 0.673549
129925 0.673549
129926 0.673523
129927 0.673523
129928 0.673523
129929 0.673209
129930 0.673209
129931 0.673209
129932 0.673544
129933 0.673544
129934 0.673544
129935 0.673549
129936 0.673549
129937 0.673549
129938 0.673609
129939 0.673609
129940 0.673609
129941 0.673173
129942 0.673173
129943 0.673173
129944 0.673584
129945 0.673584
129946 0.673584
129947 0.673565
129948 0.673565
129949 0.673565
129950 0.673579
129951 0.673579
129952 0.673579
129953 0.673228
129954 0.673228
129955 0.673228
129956 0.673546
129957 0.673546
129958 0.673546
129959 0.673508
129960 0.673508
129961 0.673508
129962 0.673444
129963 0.673444
129964 0.673444
129965 0.673095
129966 0.673095
129967 0.673095
129968 0.673522
129969 0.673522
129970 0.673522
129971 0.674315
129972 0.674315
129974 0.674315
129975 0.552728
129976 0.552728
129977 0.552728
129978 0.552728
129979 0.860808
129980 0.860808
129981 0.860808
129982 0.860808
129983 0.673592
129984 0.673592
129985 0.673592
129986 0.673393
129987 0.673393
129988 0.673393
129989 0.552932
129994 0.552932
129995 0.552932
129996 0.552932
129997 0.552932
129998 0.552932
129999 0.552932
130000 0.673543
130001 0.673543
130002 0.673543
130003 0.673572
130004 0.673572
130005 0.673572
130006 0.699535
130007 0.699535
130008 0.699535
130009 0.673579
130010 0.673579
130011 0.673579
130012 0.673238
130013 0.673238
130014 0.673238
130015 0.673592
130016 0.673592
130017 0.673592
130018 0.674090
130019 0.674090
130020 0.674090
130021 0.654210
130022 0.654210
130023 0.654210
130024 0.654210
130026 0.673700
130027 0.673700
130028 0.673700
130029 0.673528
130030 0.673528
130031 0.673528
130032 0.673694
130033 0.673694
130034 0.673694
130035 0.669029
130036 0.669029
130037 0.669029
130038 0.669029
130047 0.982394
130048 0.982394
130049 0.982394
130050 0.982394
130051 0.657514
130052 0.657514
130053 0.657514
130054 0.657514
130057 0.598455
130058 0.598455
130059 0.598455
130060 0.598455
130061 0.598455
130062 0.673510
130063 0.673510
130064 0.673510
130065 0.673589
130066 0.673589
130067 0.673589
130068 0.673194
130069 0.673194
130070 0.673194
130071 0.673532
130072 0.673532
130073 0.673532
130074 0.673468
130075 0.673468
130076 0.673468
130077 0.673528
130078 0.673528
130079 0.673528
130080 0.673237
130081 0.673237
130082 0.673237
130083 0.862637
130086 0.862637
130087 0.862637
130088 0.862637
130089 0.673559
130090 0.673559
130091 0.673559
130092 0.673144
130093 0.673144
130094 0.673144
130095 0.595956
130096 0.595956
130097 0.595956
130098 0.595956
130100 0.813773
130101 0.813773
130102 0.813773
130105 0.813773
130106 0.813773
130107 0.813773
130108 0.813773
130109 0.673212
130110 0.673212
130111 0.673212
130112 0.673588
130113 0.673588
130114 0.673588
130115 0.673528
130116 0.673528
130117 0.673528
130118 0.673516
130119 0.673516
130120 0.673516
130121 0.673084
130122 0.673084
130123 0.673084
130124 0.673431
130125 0.673431
130126 0.673431
130127 0.673751
130128 0.673751
130129 0.673751
130130 0.673497
130131 0.673497
130132 0.673497
130133 0.673233
130134 0.673233
130135 0.673233
130136 0.673597
130137 0.673597
130138 0.673597
130139 0.673510
130140 0.673510
130141 0.673510
130142 0.673582
130143 0.673582
130144 0.673582
130145 0.673225
130146 0.673225
130147 0.673225
130148 0.673586
130149 0.673586
130150 0.673586
130151 0.673571
130152 0.673571
130153 0.673571
130154 0.660006
130155 0.660006
130156 0.660006
130158 0.660006
130159 0.660006
130160 0.663716
130161 0.663716
130162 0.663716
130163 0.663716
130164 0.663716
130165 0.673235
130166 0.673235
130167 0.673235
130168 0.673526
130169 0.673526
130170 0.673526
130171 0.673559
130172 0.673559
130173 0.673559
130174 0.673579
130175 0.673579
130176 0.673579
130177 0.673250
130178 0.673250
130179 0.673250
130180 0.719532
130181 0.719532
130182 0.719532
130187 0.719532
130188 0.719532
130189 0.719532
130190 0.719532
130191 0.673644
130192 0.673644
130193 0.673644
130194 0.673493
130195 0.673493
130196 0.673493
130197 0.673550
130198 0.673550
130199 0.673550
130200 0.774861
130205 0.774861
130206 0.774861
130207 0.774861
130208 0.774861
130209 0.673099
130210 0.673099
130211 0.673099
130212 0.673491
130213 0.673491
130214 0.673491
130215 0.673483
130216 0.673483
130217 0.673483
130218 0.673834
130219 0.673834
130220 0.673834
130221 0.602978
130222 0.602978
130223 0.602978
130224 0.602978
130225 0.602978
130226 0.790867
130227 0.790867
130229 0.790867
130230 0.790867
130231 0.673428
130232 0.673428
130233 0.673428
130234 0.673118
130235 0.673118
130236 0.673118
130237 0.673597
130238 0.673597
130239 0.673597
130240 0.673552
130241 0.673552
130242 0.673552
130243 0.673865
130244 0.673865
130245 0.673865
130246 0.547788
130247 0.547788
130248 0.547788
130249 0.547788
130250 0.547788
130255 0.547788
130256 0.547788
130257 0.673170
130258 0.673170
130259 0.673170
130260 0.673505
130261 0.673505
130262 0.673505
130263 0.673519
130264 0.673519
130265 0.673519
130266 0.669381
130267 0.669381
130270 0.669381
130271 0.669381
130272 1.000000
130273 1.000000
130274 1.000000
130275 0.673467
130276 0.673467
130277 0.673467
130278 0.673187
130279 0.673187
130280 0.673187
130281 0.538779
130282 0.538779
130283 0.538779
130284 0.538779
130285 0.673073
130286 0.673073
130287 0.673073
130288 0.747015
130289 0.747015
130290 0.747015
130291 0.802754
130292 0.802754
130293 0.802754
130297 0.802754
130305 0.743376
130307 0.743376
130310 0.743376
130311 0.743376
130312 0.743376
130313 0.743376
130314 0.743376
130315 0.549691
130316 0.549691
130317 0.549691
130319 0.549691
130321 0.549691
130322 0.549691
130323 0.549691
130324 0.549691
130325 0.549691
130326 0.549691
130327 0.549691
130328 0.549691
130329 0.549691
130330 0.549691
130331 0.787621
130332 0.787621
130333 0.787621
130334 0.671793
130335 0.671793
130336 0.671793
130337 0.671793
130338 0.671793
130339 0.673148
130340 0.673148
130341 0.673148
130342 0.673531
130343 0.673531
130344 0.673531
130345 0.673482
130346 0.673482
130347 0.673482
130348 0.673490
130349 0.673490
130350 0.673490
130351 0.789983
130352 0.789983
130353 0.789983
130354 0.789983
130355 0.608137
130357 0.608137
130358 0.608137
130359 0.608137
130360 0.673695
130362 0.673695
130363 0.673695
130364 0.676118
130365 0.676118
130366 0.676118
130367 0.588197
130368 0.588197
130369 0.588197
130370 0.588197
130371 0.588197
130372 0.588197
130373 0.870545
130374 0.870545
130378 0.870545
130379 0.717781
130380 0.717781
130381 0.717781
130382 0.717781
130383 0.717781
130384 0.555792
130385 0.555792
130386 0.555792
130387 0.555792
130388 0.555792
130389 0.555792
130390 0.736594
130391 0.736594
130392 0.736594
130404 0.612394
130405 0.612394
130406 0.612394
130407 0.612394
130408 0.673489
130409 0.673489
130410 0.673489
130411 0.687364
130412 0.687364
130413 0.687364
130414 0.687364
130415 0.673139
130416 0.673139
130417 0.673139
130418 0.673519
130419 0.673519
130420 0.673519
130421 0.680323
130422 0.680323
130423 0.680323
130424 0.645403
130425 0.645403
130426 0.645403
130427 0.645403
130428 0.673502
130429 0.673502
130430 0.673502
130431 0.673487
130432 0.673487
130433 0.673487
130434 0.673092
130435 0.673092
130436 0.673092
130437 0.674116
130438 0.674116
130439 0.674116
130440 0.944741
130441 0.944741
130442 0.944741
130443 0.673660
130444 0.673660
130445 0.673660
130446 0.696245
130447 0.696245
130448 0.696245
130454 0.696245
130455 0.696245
130456 0.591037
130457 0.591037
130458 0.591037
130459 0.591037
130460 0.591037
130461 0.591037
130462 0.591037
130464 0.619823
130465 0.619823
130466 0.619823
130469 0.619823
130470 0.619823
130471 0.619823
130472 0.619823
130473 0.955908
130474 0.955908
130475 0.955908
