131986 0.680902
131987 0.680902
131988 0.680902
131989 0.680902
131990 0.687582
131991 0.687582
131992 0.687582
131993 0.642884
131994 0.642884
131995 0.642884
131998 0.642884
131999 0.691233
132000 0.691233
132001 0.691233
132002 0.687623
132003 0.687623
132004 0.687623
132005 0.687567
132007 0.687567
132008 0.687567
132009 0.687585
132010 0.687585
132011 0.687585
132012 0.687503
132013 0.687503
132014 0.687503
132015 0.712818
132016 0.712818
132017 0.712818
132018 0.712818
132024 0.751567
132025 0.751567
132026 0.751567
132027 0.751567
132028 0.751567
132030 0.835960
132031 0.835960
132032 0.835960
132035 0.849190
132037 0.849190
132038 0.849190
132039 0.849190
132040 0.849190
132041 0.849190
132042 0.849190
132043 0.849190
132044 0.687612
132045 0.687612
132046 0.687612
132047 0.687476
132048 0.687476
132049 0.687476
132050 0.687606
132051 0.687606
132052 0.687606
132053 0.687542
132054 0.687542
132055 0.687542
132056 0.687592
132057 0.687592
132058 0.687592
132059 0.687509
132060 0.687509
132061 0.687509
132062 0.687585
132063 0.687585
132064 0.687585
132065 0.687573
132066 0.687573
132067 0.687573
132068 0.687645
132069 0.687645
132070 0.687645
132071 0.687478
132072 0.687478
132073 0.687478
132074 0.687626
132075 0.687626
132076 0.687626
132077 0.687590
132078 0.687590
132079 0.687590
132080 0.691990
132081 0.691990
132082 0.691990
132083 0.665831
132086 0.665831
132087 0.665831
132088 0.665831
132089 0.665831
132090 0.665831
132091 0.687580
132092 0.687580
132093 0.687580
132094 0.687591
132095 0.687591
132096 0.687591
132097 0.687864
132098 0.687864
132099 0.687864
132109 0.789200
132110 0.789200
132111 0.789200
132123 0.670443
132124 0.670443
132125 0.670443
132126 0.670443
132127 0.670443
132128 0.670443
132129 0.687575
132130 0.687575
132131 0.687575
132132 0.687584
132133 0.687584
132134 0.687584
132135 0.687424
132136 0.687424
132137 0.687424
132138 0.687595
132139 0.687595
132140 0.687595
132141 0.687556
132142 0.687556
132143 0.687556
132144 0.687579
132145 0.687579
132146 0.687579
132147 0.752519
132152 0.752519
132154 0.752519
132155 0.752519
132160 0.752519
132164 0.752519
132165 0.752519
132172 0.752519
132173 0.752519
132174 0.687733
132175 0.687733
132176 0.687733
132177 0.687602
132178 0.687602
132179 0.687602
132180 0.687650
132181 0.687650
132182 0.687650
132183 0.687568
132184 0.687568
132185 0.687568
132186 0.603107
132187 0.603107
132188 0.603107
132189 0.603107
132190 0.603107
132192 0.603107
132193 0.603107
132198 0.603107
132199 0.603107
132200 0.603107
132201 0.603107
132202 0.687531
132203 0.687531
132204 0.687531
132205 0.687659
132206 0.687659
132207 0.687659
132208 0.687652
132209 0.687652
132210 0.687652
132211 0.687673
132212 0.687673
132213 0.687673
132214 0.687510
132215 0.687510
132216 0.687510
132217 0.687595
132218 0.687595
132219 0.687595
132220 0.796980
132221 0.796980
132222 0.796980
132223 0.677700
132224 0.677700
132226 0.677700
132227 0.677700
132228 0.677700
132229 0.687609
132230 0.687609
132231 0.687609
132232 0.687610
132233 0.687610
132234 0.687610
132235 0.687513
132236 0.687513
132237 0.687513
132238 0.687602
132239 0.687602
132240 0.687602
132241 0.687603
132242 0.687603
132243 0.687603
132244 0.687644
132245 0.687644
132246 0.687644
132247 0.687463
132248 0.687463
132249 0.687463
132250 0.687628
132251 0.687628
132252 0.687628
132253 0.687623
132254 0.687623
132255 0.687623
132256 0.687602
132257 0.687602
132258 0.687602
132259 0.687512
132260 0.687512
132261 0.687512
132262 0.687563
132263 0.687563
132264 0.687563
132265 0.687753
132268 0.687753
132269 0.687753
132270 0.687548
132271 0.687548
132272 0.687548
132273 0.687583
132274 0.687583
132275 0.687583
132276 0.619800
132277 0.619800
132278 0.619800
132279 0.619800
132280 0.619800
132281 0.687643
132282 0.687643
132283 0.687643
132284 0.687602
132285 0.687602
132286 0.687602
132287 0.883014
132288 0.883014
132289 0.883014
132296 0.883014
132297 0.682624
132298 0.682624
132299 0.682624
132300 0.682624
132301 0.687647
132302 0.687647
132303 0.687647
132304 0.687559
132305 0.687559
132306 0.687559
132307 0.687586
132308 0.687586
132309 0.687586
132310 0.687602
132311 0.687602
132312 0.687602
132313 0.687745
132320 0.687745
132321 0.687745
132322 0.687639
132323 0.687639
132324 0.687639
132325 0.687509
132326 0.687509
132327 0.687509
132328 0.687596
132329 0.687596
132330 0.687596
132331 0.615654
132332 0.615654
132333 0.615654
132335 0.615654
132341 0.615654
132342 0.615654
132343 0.615654
132344 0.615654
132345 0.686075
132346 0.686075
132347 0.686075
132348 0.686075
132349 0.686075
132350 0.686075
132351 0.687621
132352 0.687621
132353 0.687621
132355 0.678109
132356 0.678109
132358 0.678109
132359 0.678109
132360 0.678109
132361 0.687592
132362 0.687592
132363 0.687592
132364 0.687555
132365 0.687555
132366 0.687555
132367 0.687579
132368 0.687579
132369 0.687579
132370 0.687581
132371 0.687581
132372 0.687581
132373 0.687598
132374 0.687598
132375 0.687598
132376 0.687649
132377 0.687649
132378 0.687649
132379 0.804351
132380 0.804351
132381 0.804351
132383 0.687601
132384 0.687601
132385 0.687601
132386 0.687590
132387 0.687590
132388 0.687590
132389 0.687647
132390 0.687647
132391 0.687647
132392 0.711236
132393 0.711236
132394 0.711236
132395 0.711236
132397 0.711236
132398 0.590130
132399 0.590130
132401 0.590130
132402 0.590130
132403 0.590130
132404 0.590130
132405 0.687599
132406 0.687599
132407 0.687599
132408 0.687649
132409 0.687649
132410 0.687649
132411 0.687560
132412 0.687560
132413 0.687560
132414 0.800547
132415 0.800547
132416 0.800547
132423 0.800547
132425 0.800547
132426 0.800547
132427 0.687515
132428 0.687515
132429 0.687515
132430 0.687608
132431 0.687608
132432 0.687608
132433 0.761227
132434 0.761227
132435 0.761227
132436 0.687636
132437 0.687636
132438 0.687636
132439 0.687477
132440 0.687477
132441 0.687477
132442 0.687596
132443 0.687596
132444 0.687596
132445 0.687611
132446 0.687611
132447 0.687611
132448 0.687596
132449 0.687596
132450 0.687596
132451 0.687538
132452 0.687538
132453 0.687538
132454 0.687609
132455 0.687609
132456 0.687609
132457 0.585656
132458 0.585656
132459 0.585656
132460 0.585656
132461 0.585656
132462 0.687627
132463 0.687627
132464 0.687627
132465 0.670685
132466 0.670685
132467 0.670685
132468 0.670685
132469 0.687605
132470 0.687605
132471 0.687605
132472 0.687620
132473 0.687620
132474 0.687620
132475 0.687496
132476 0.687496
132477 0.687496
132478 0.687596
132479 0.687596
132480 0.687596
132481 0.687651
132482 0.687651
132483 0.687651
132484 0.687647
132485 0.687647
132486 0.687647
132487 0.687545
132488 0.687545
132489 0.687545
132490 0.687622
132491 0.687622
132492 0.687622
132493 0.862569
132494 0.862569
132495 0.862569
132499 0.862569
132501 0.610289
132503 0.610289
132504 0.610289
132505 0.610289
132506 0.610289
132507 0.687719
132508 0.687719
132509 0.687719
132510 0.776838
132511 0.776838
132516 0.776838
132518 0.776838
132521 0.776838
132522 0.687703
132523 0.687703
132524 0.687703
132527 0.687780
132528 0.687780
132529 0.687780
132530 0.688071
132531 0.688071
132532 0.688071
132538 0.618739
132539 0.618739
132540 0.618739
132541 0.618739
132542 0.618739
132543 0.618739
132544 0.687736
132545 0.687736
132546 0.687736
132547 0.687759
132548 0.687759
132549 0.687759
132550 0.687727
132551 0.687727
132552 0.687727
132555 0.687750
132556 0.687750
132557 0.687750
132558 0.679105
132561 0.679105
132572 0.679105
132573 0.679105
132574 0.687758
132575 0.687758
132576 0.687758
132577 0.687847
132578 0.687847
132579 0.687847
132580 0.669087
132582 0.669087
132583 0.669087
132584 0.669087
132585 0.669087
132586 0.669087
132587 0.669087
132588 0.687920
132589 0.687920
132590 0.687920
132591 0.687747
132592 0.687747
132593 0.687747
132594 0.687788
132595 0.687788
132596 0.687788
132597 0.687764
132598 0.687764
132599 0.687764
132600 0.687755
132601 0.687755
132602 0.687755
132603 0.687734
132604 0.687734
132605 0.687734
132606 0.764376
132607 0.764376
132608 0.764376
132609 0.687776
132610 0.687776
132611 0.687776
132612 0.687741
132613 0.687741
132614 0.687741
132615 0.687782
132616 0.687782
132617 0.687782
132618 0.708444
132622 0.708444
132623 0.708444
132624 0.708444
132625 0.660269
132626 0.660269
132627 0.660269
132628 0.660269
132629 0.687739
132630 0.687739
132631 0.687739
132632 0.687769
132633 0.687769
132634 0.687769
132635 0.687749
132636 0.687749
132637 0.687749
132638 0.687777
132639 0.687777
132640 0.687777
132641 0.687726
132642 0.687726
132643 0.687726
132644 0.779582
132645 0.779582
132646 0.779582
132647 0.779582
132648 0.711135
132649 0.711135
132650 0.711135
132651 0.657683
132652 0.657683
132653 0.657683
132654 0.657683
132655 0.687745
132658 0.687745
132659 0.687745
132660 0.687823
132661 0.687823
132662 0.687823
132663 0.615021
132664 0.615021
132666 0.615021
132667 0.615021
132668 0.615021
132669 0.615021
132670 0.789497
132671 0.789497
132672 0.789497
132673 0.687751
132674 0.687751
132675 0.687751
132676 0.687738
132677 0.687738
132678 0.687738
132679 0.687777
132680 0.687777
132681 0.687777
132682 0.687705
132683 0.687705
132684 0.687705
132685 0.596401
132686 0.596401
132687 0.596401
132693 0.596401
132694 0.596401
132695 0.687721
132696 0.687721
132697 0.687721
132698 0.687762
132699 0.687762
132700 0.687762
132701 0.687762
132702 0.687762
132703 0.687762
132704 0.687761
132705 0.687761
132706 0.687761
132707 0.687717
132708 0.687717
132709 0.687717
132710 0.922240
132711 0.922240
132712 0.922240
132713 0.922240
132714 0.922240
132715 0.922240
132716 0.922240
132717 0.922240
132718 0.922240
132719 0.922240
132720 0.922240
132722 0.922240
132723 0.922240
132724 0.633353
132731 0.633353
132732 0.633353
132733 0.633353
132734 0.633353
132735 0.687760
132736 0.687760
132737 0.687760
132738 0.687761
132739 0.687761
132740 0.687761
132741 0.687710
132742 0.687710
132743 0.687710
132744 0.709598
132745 0.709598
132751 0.709598
132752 0.687768
132753 0.687768
132754 0.687768
132755 0.597430
132756 0.597430
132757 0.597430
132758 0.597430
132759 0.597430
132760 0.597430
132761 0.597430
132762 0.870398
132763 0.870398
132764 0.870398
132765 0.870398
132766 0.687822
132767 0.687822
132768 0.687822
132769 0.748419
132770 0.748419
132771 0.748419
132780 0.609248
132781 0.609248
132782 0.609248
132783 0.609248
132784 0.609248
132785 0.687738
132786 0.687738
132787 0.687738
132788 0.687810
132789 0.687810
132790 0.687810
132791 0.687709
132792 0.687709
132793 0.687709
132794 0.687751
132795 0.687751
132796 0.687751
132797 0.687717
132798 0.687717
132799 0.687717
132800 0.687768
132801 0.687768
132802 0.687768
132803 0.687724
132804 0.687724
132805 0.687724
132806 0.687809
132807 0.687809
132808 0.687809
132809 0.687710
132810 0.687710
132811 0.687710
132812 0.687810
132813 0.687810
132814 0.687810
132815 0.617380
132816 0.617380
132817 0.617380
132818 0.617380
132819 0.617380
132820 0.687750
132821 0.687750
132822 0.687750
132823 0.680237
132829 0.680237
132830 0.680237
132831 0.680237
132832 0.687769
132833 0.687769
132834 0.687769
132835 0.980085
132836 0.980085
132841 0.980085
132842 0.980085
132843 0.980085
132844 0.709690
132845 0.709690
132846 0.709690
132847 0.687791
132848 0.687791
132849 0.687791
132850 0.687762
132851 0.687762
132852 0.687762
132853 0.625439
132854 0.625439
132855 0.625439
132856 0.625439
132857 0.625439
132859 0.625439
132866 0.625439
132867 0.625439
132868 0.625439
132869 0.622579
132870 0.622579
132876 0.622579
132877 0.622579
132878 0.622579
132879 0.687712
132880 0.687712
132881 0.687712
132882 0.687777
132883 0.687777
132884 0.687777
132885 0.687719
132886 0.687719
132887 0.687719
132888 0.682435
132889 0.682435
132895 0.682435
132896 0.682435
132897 0.687713
132898 0.687713
132899 0.687713
132900 0.687759
132901 0.687759
132902 0.687759
132903 0.687744
132904 0.687744
132905 0.687744
132906 0.687785
132907 0.687785
132908 0.687785
132909 0.687752
132910 0.687752
132911 0.687752
132912 0.687775
132913 0.687775
132914 0.687775
132915 0.687755
132916 0.687755
132917 0.687755
132918 0.687782
132919 0.687782
132920 0.687782
132921 0.687726
132922 0.687726
132923 0.687726
132924 0.687754
132925 0.687754
132926 0.687754
132927 0.687762
132928 0.687762
132929 0.687762
132930 0.687768
132931 0.687768
132932 0.687768
132933 0.687752
132934 0.687752
132935 0.687752
132936 0.875911
132937 0.875911
132939 0.875911
132940 0.875911
132941 0.875911
132942 0.687830
132943 0.687830
132944 0.687830
132945 0.687744
132946 0.687744
132947 0.687744
132948 0.687728
132949 0.687728
132950 0.687728
132951 0.687738
132952 0.687738
132953 0.687738
132954 0.687783
132955 0.687783
132956 0.687783
132957 0.687763
132958 0.687763
132959 0.687763
132960 0.687708
132961 0.687708
132962 0.687708
132963 0.687738
132964 0.687738
132965 0.687738
132966 0.682927
132967 0.682927
132968 0.682927
132969 0.682927
132970 0.687764
132971 0.687764
132972 0.687764
132973 0.687708
132974 0.687708
132975 0.687708
132976 0.687789
132977 0.687789
132978 0.687789
132979 0.569492
132980 0.569492
132985 0.569492
132987 0.569492
132988 0.569492
132989 0.687752
132990 0.687752
132991 0.687752
132992 0.687683
132993 0.687683
132994 0.687683
132995 0.687741
132996 0.687741
132997 0.687741
132998 0.687793
132999 0.687793
133000 0.687793
133001 0.687765
133002 0.687765
133003 0.687765
133004 0.687695
133005 0.687695
133006 0.687695
133007 0.687725
133008 0.687725
133009 0.687725
133010 0.687745
133011 0.687745
133012 0.687745
133013 0.687775
133014 0.687775
133015 0.687775
133016 0.687727
133017 0.687727
133018 0.687727
133019 0.687742
133020 0.687742
133021 0.687742
133022 0.687732
133023 0.687732
133024 0.687732
133025 0.687749
133026 0.687749
133027 0.687749
133028 0.687735
133029 0.687735
133030 0.687735
133031 0.687764
133032 0.687764
133033 0.687764
133034 0.963711
133035 0.963711
133036 0.963711
133037 0.963711
133038 0.687765
133039 0.687765
133040 0.687765
133041 0.687738
133042 0.687738
133043 0.687738
133044 0.687763
133045 0.687763
133046 0.687763
133047 0.687682
133048 0.687682
133049 0.687682
133050 0.687725
133051 0.687725
133052 0.687725
133053 0.682674
133054 0.682674
133055 0.682674
133056 0.682674
133057 0.687740
133058 0.687740
133059 0.687740
133060 0.687693
133061 0.687693
133062 0.687693
133063 0.687753
133064 0.687753
133065 0.687753
133066 0.687764
133067 0.687764
133068 0.687764
133069 0.687722
133070 0.687722
133071 0.687722
133072 0.687736
133079 0.687736
133080 0.687736
133081 0.687736
133082 0.687736
133083 0.687736
133084 0.687687
133085 0.687687
133086 0.687687
133087 0.687751
133088 0.687751
133089 0.687751
133090 0.687740
133091 0.687740
133092 0.687740
133093 0.687776
133094 0.687776
133095 0.687776
133096 0.687669
133097 0.687669
133098 0.687669
133099 0.687795
133100 0.687795
133101 0.687795
133102 0.687722
133103 0.687722
133104 0.687722
133105 0.687729
133106 0.687729
133107 0.687729
133108 0.687718
133109 0.687718
133110 0.687718
133111 0.687750
133112 0.687750
133113 0.687750
133114 0.687751
133115 0.687751
133116 0.687751
133117 0.687750
133118 0.687750
133119 0.687750
133120 0.687656
133121 0.687656
133122 0.687656
133123 0.687779
133124 0.687779
133125 0.687779
133126 0.687728
133127 0.687728
133128 0.687728
133129 0.687774
133130 0.687774
133131 0.687774
133132 0.687695
133133 0.687695
133134 0.687695
133135 0.687750
133136 0.687750
133137 0.687750
133138 0.582002
133139 0.582002
133142 0.582002
133143 0.582002
133147 0.582002
133148 0.582002
133149 0.582002
133150 0.582002
133151 0.582002
133152 0.687790
133153 0.687790
133154 0.687790
133155 0.687707
133156 0.687707
133157 0.687707
133158 0.687675
133159 0.687675
133160 0.687675
133161 0.687765
133162 0.687765
133163 0.687765
133164 0.687750
133165 0.687750
133166 0.687750
133167 0.668191
133168 0.668191
133170 0.668191
133171 0.668191
133172 0.668191
133174 0.668191
133175 0.668191
133176 0.687709
133177 0.687709
133178 0.687709
133179 0.687721
133180 0.687721
133181 0.687721
133182 0.687712
133183 0.687712
133184 0.687712
133185 0.687755
133186 0.687755
133187 0.687755
133188 0.687682
133189 0.687682
133190 0.687682
133191 0.785986
133192 0.785986
133197 0.785986
133198 0.785986
133199 0.785986
133200 0.672654
133201 0.672654
133202 0.672654
133203 0.672654
133204 0.672654
133205 0.627138
133206 0.627138
133207 0.627138
133208 0.627138
133209 0.687786
133210 0.687786
133211 0.687786
133212 0.687735
133213 0.687735
133214 0.687735
133215 1.000000
133216 1.000000
133217 1.000000
133218 1.000000
133219 1.000000
133220 0.687781
133221 0.687781
133222 0.687781
133223 0.687736
133224 0.687736
133225 0.687736
133226 0.687777
133227 0.687777
133228 0.687777
133229 0.687749
133230 0.687749
133231 0.687749
133232 0.687765
133233 0.687765
133234 0.687765
133235 0.687708
133236 0.687708
133237 0.687708
133238 0.687768
133239 0.687768
133240 0.687768
133241 0.687726
133242 0.687726
133243 0.687726
133244 0.687772
133245 0.687772
133246 0.687772
133247 0.687400
133249 0.687400
133250 0.687400
133251 0.687744
133252 0.687744
133253 0.687744
133254 0.687706
133255 0.687706
133256 0.687706
133257 0.687759
133258 0.687759
133259 0.687759
133260 0.687753
133262 0.687753
133263 0.687753
133264 0.712166
133265 0.712166
133266 0.712166
133267 0.712166
133268 0.712166
133269 0.712166
133270 0.712166
133271 0.682941
133272 0.682941
133273 0.682941
133274 0.682941
133275 0.687722
133276 0.687722
133277 0.687722
133278 0.687656
133279 0.687656
133280 0.687656
133281 0.687696
133282 0.687696
133283 0.687696
133284 0.687752
133285 0.687752
133286 0.687752
133287 0.588538
133288 0.588538
133293 0.588538
133294 0.588538
133296 0.588538
133297 0.588538
133298 0.588538
133299 0.874328
133300 0.874328
133306 0.874328
133307 0.874328
133315 0.874328
133319 0.874328
133320 0.608483
133321 0.608483
133322 0.608483
133325 0.608483
133326 0.608483
133327 0.665831
133328 0.665831
133329 0.665831
133330 0.665831
133331 0.665831
133332 0.687694
133333 0.687694
133334 0.687694
133335 0.630692
133336 0.630692
133339 0.630692
133340 0.630692
133341 0.630692
133342 0.687703
133343 0.687703
133344 0.687703
133346 0.683157
133347 0.683157
133348 0.683157
133349 0.683157
133351 0.687779
133352 0.687779
133353 0.687779
133354 0.725916
133360 0.725916
133361 0.725916
133362 0.725916
133363 0.725916
133364 0.813516
133365 0.813516
133366 0.813516
133367 0.687787
133368 0.687787
133369 0.687787
133370 0.687720
133371 0.687720
133372 0.687720
133373 0.687769
133374 0.687769
133375 0.687769
133376 0.687682
133377 0.687682
133378 0.687682
133379 0.687745
133380 0.687745
133381 0.687745
133382 0.687736
133383 0.687736
133384 0.687736
133385 0.687749
133386 0.687749
133387 0.687749
133388 0.687695
133389 0.687695
133390 0.687695
133391 0.643954
133392 0.643954
133393 0.643954
133394 0.643954
133395 0.687734
133396 0.687734
133397 0.687734
133398 0.776044
133399 0.776044
133400 0.776044
133401 0.701317
133402 0.701317
133403 0.701317
133404 0.701317
133405 0.674893
133406 0.674893
133408 0.674893
133409 0.674893
133410 0.674893
133411 0.674893
133412 0.674893
133413 0.674893
133414 0.687727
133415 0.687727
133416 0.687727
133417 0.687681
133418 0.687681
133419 0.687681
133420 0.687782
133421 0.687782
133422 0.687782
133423 0.734916
133424 0.734916
133425 0.734916
133426 0.687716
133427 0.687716
133428 0.687716
133429 0.687768
133430 0.687768
133431 0.687768
133432 0.687766
133433 0.687766
133434 0.687766
133435 0.701006
133436 0.701006
133437 0.701006
133438 0.701006
133439 0.701006
133445 0.701006
133447 0.649395
133448 0.649395
133449 0.649395
133450 0.649395
133451 0.687708
133452 0.687708
133453 0.687708
133454 0.602319
133455 0.602319
133456 0.602319
133470 0.602319
133471 0.602319
133472 0.602319
133473 0.602319
133474 0.676889
133475 0.676889
133476 0.676889
133477 0.676889
133478 0.676889
133479 0.896253
133480 0.896253
133481 0.896253
133482 0.647619
133486 0.647619
133487 0.647619
133488 0.647619
133489 0.647619
133490 0.647619
133495 0.677193
133501 0.677193
133502 0.677193
133503 0.677193
133504 0.677193
133505 0.761491
133506 0.761491
133507 0.761491
133508 0.761491
133511 0.761491
133512 0.761491
133513 0.682978
133514 0.682978
133515 0.682978
133516 0.682978
133517 0.783126
133518 0.783126
133522 0.783126
133523 0.783126
133524 0.783126
133528 0.783126
133529 0.783126
133530 0.783126
133531 0.783126
133532 0.783126
133533 0.783126
133534 0.783126
133535 0.783126
133536 0.783126
133537 0.783126
133538 0.783126
133539 0.672981
133540 0.672981
133541 0.672981
133542 0.672981
133543 0.672981
133544 0.672981
133545 0.705167
133547 0.705167
133548 0.705167
133549 0.705167
133550 0.705167
133551 0.705167
133552 0.705167
133553 0.705167
133554 0.695577
133558 0.695577
133562 0.695577
133563 0.695577
133564 0.695577
133565 0.695577
133566 0.695577
133568 0.633411
133569 0.633411
133570 0.633411
133571 0.633411
133572 0.794805
133573 0.794805
133574 0.794805
